68 0.133399
69 0.019314
95 0.215961
9 0.013182
11 0.011674
68 0.098005
12 0.009024
55 0.106194
88 0.155381
16 0.030419
8 0.009241
10 0.014002
29 0.020499
29 0.025827
248 0.569527
52 0.129207
592 0.536132
437 0.239104
5 0.010538
97 0.169800
4 0.006293
31 0.017519
44 0.113099
69 0.017892
119 0.076888
108 0.170040
12 0.022952
82 0.083317
41 0.094859
25 0.043360
53 0.038078
65 0.120772
32 0.022683
98 0.163178
86 0.209116
9 0.012408
26 0.022744
7053 139.125154
84 0.023841
9 0.006530
15 0.018818
56 0.033029
81 0.140708
20 0.029477
15 0.013022
7 0.005104
49 0.136737
4 0.008859
69 0.043570
414 0.149731
21 0.020869
4 0.006563
394 0.088052
98 0.312417
37 0.076947
412 1.167609
13 0.022748
132 0.258614
41 0.060861
80 0.108914
49 0.115708
4 0.007111
69 0.018422
414 0.130389
21 0.020448
4 0.004941
394 0.123843
98 0.323099
37 0.059424
412 1.311101
13 0.022336
132 0.338101
41 0.037994
80 0.108297
82 0.060601
41 0.050937
25 0.032265
53 0.033000
65 0.058008
32 0.015996
98 0.139177
86 0.180950
9 0.011467
26 0.016585
7053 140.757867
15 0.015463
84 0.020069
9 0.007389
15 0.018696
56 0.030957
7 0.004713
81 0.206635
20 0.022053
35 0.115427
4 0.024827
4 0.007769
69 0.020716
137 0.641900
173 0.035785
104 0.075473
104 0.205156
35 0.096638
4 0.006961
4 0.005883
69 0.021386
137 0.530712
173 0.047460
104 0.069285
104 0.267349
35 0.114779
4 0.008922
4 0.008026
69 0.024822
137 0.761814
173 0.052778
104 0.079942
104 0.225992
35 0.094163
4 0.006830
4 0.005738
69 0.017453
137 0.464166
173 0.050182
104 0.090607
104 0.230425
40 0.152802
4 0.035078
69 0.025188
124 0.410868
37 0.080865
49 0.080936
40 0.097041
4 0.006407
69 0.017333
124 0.300330
37 0.086445
49 0.064206
61 0.116132
4 0.006599
4 0.008202
69 0.021266
196 0.607906
7 0.012915
7 0.008714
32 0.036905
25 0.054701
44 0.039907
9 0.009597
97 0.153278
7 0.008865
7 0.010287
32 0.032855
22 0.051350
49 0.095428
9 0.012899
77 0.124241
5 0.007584
22 0.034603
41 0.041747
13 0.010958
137 0.122303
5 0.005899
12 0.012596
53 0.049176
13 0.012415
119 0.146106
53 0.046197
110 0.153088
9 0.007201
13 0.019743
106 0.110071
13 0.012981
239 0.381825
187 0.041950
110 0.094076
13 0.013478
27 0.029333
104 0.254471
61 0.179661
4 0.010576
4 0.008681
69 0.027308
196 0.788655
7 0.010020
7 0.009957
32 0.026382
25 0.038509
44 0.045587
9 0.011732
97 0.182367
7 0.008632
7 0.009725
32 0.034793
22 0.026672
49 0.112932
9 0.009465
77 0.095245
5 0.004985
22 0.034761
41 0.041611
13 0.011974
137 0.179728
5 0.006573
12 0.017044
53 0.035777
13 0.012932
119 0.159680
53 0.054300
110 0.099668
9 0.008413
13 0.027417
106 0.115017
13 0.011173
239 0.358158
187 0.048297
110 0.071301
104 0.279785
13 0.010142
27 0.028203
40 0.120992
4 0.008733
69 0.022681
345 0.226007
32 0.065154
21 0.012259
44 0.097750
422 0.135326
31 0.069355
40 0.046682
40 0.100833
4 0.006488
69 0.017268
345 0.157314
32 0.051543
44 0.113839
21 0.017461
422 0.134763
31 0.059046
40 0.040768
53 0.162823
4 0.008635
69 0.041834
235 0.476086
4 0.009057
55 0.118672
232 0.961761
118 0.064642
115 0.346267
53 0.108825
4 0.006686
69 0.017460
235 0.420049
4 0.009019
55 0.156156
232 0.901922
118 0.055546
115 0.398835
55 0.111686
69 0.018112
211 0.061912
41 0.037702
24 0.009491
11 0.009963
22 0.029568
22 0.029631
99 0.537869
572 1.009910
154 0.205866
136 0.750451
43 0.127056
55 0.111915
69 0.017625
211 0.079349
41 0.053881
46 0.125631
69 0.022210
235 0.147229
59 0.140763
318 1.415930
46 0.052063
64 0.035541
46 0.100303
69 0.017938
235 0.127112
59 0.152422
318 1.742348
46 0.043771
64 0.041431
24 0.041618
11 0.017390
22 0.027437
22 0.024302
99 0.456816
572 1.193434
154 0.278875
136 0.726445
43 0.111034
24 0.042354
11 0.017788
22 0.028415
22 0.018744
99 0.495097
572 1.072988
154 0.234096
136 0.839122
43 0.106285
62 0.116710
69 0.022691
255 0.067753
62 0.117117
69 0.022692
255 0.060406
42 0.146294
69 0.023174
441 0.624668
9 0.014547
22 0.027371
5 0.005761
5 0.005608
156 0.051028
4 0.011453
4 0.005215
42 0.103005
69 0.017614
441 0.475818
9 0.018804
22 0.039427
5 0.006126
5 0.005758
156 0.071763
4 0.011691
4 0.004264
30 0.086853
69 0.017973
75 0.214024
181 0.123644
30 0.105984
69 0.022812
75 0.182587
181 0.205231
57 0.202614
69 0.026841
144 0.509463
525 0.052438
57 0.169224
79 0.174548
57 0.112872
69 0.017818
144 0.413217
525 0.071171
57 0.183364
79 0.152090
139 0.266828
10 0.018290
7 0.008322
10 0.015454
68 0.265994
11 0.014784
7 0.009223
7 0.008370
34 0.069730
79 0.176922
2042 1.071601
19 0.023006
18 0.022955
10 0.017816
22 0.031482
412 0.210783
52 0.208768
50 0.111523
61 0.052440
36 0.054662
92 0.180055
21 0.071528
36 0.040587
140 0.043583
822 0.266556
9 0.026482
20 0.051028
195 1.449981
11 0.018703
10 0.007823
16 0.046973
8 0.013398
32 0.057056
19 0.026412
21 0.013509
340 0.095013
268 1.189670
22 0.059703
14 0.015138
49 0.153155
51 0.109624
28 0.088724
8 0.016200
71 0.075788
18 0.032358
32 0.116189
69 0.026695
139 0.060714
42 0.121862
32 0.090929
69 0.017417
139 0.047389
42 0.081765
27 0.060754
13 0.015517
27 0.016512
52 0.103403
8 0.012661
14 0.009010
33 0.041227
3 0.004903
139 0.290088
10 0.015686
7 0.009066
10 0.016661
68 0.228658
11 0.010964
7 0.013976
7 0.010910
34 0.074272
79 0.245254
2042 1.056186
22 0.040334
412 0.188884
52 0.240322
50 0.121314
61 0.048812
36 0.054007
92 0.163725
21 0.079273
36 0.062873
140 0.043983
822 0.255935
9 0.020119
18 0.034663
20 0.052611
195 1.420768
11 0.016115
10 0.009947
10 0.018441
18 0.023181
8 0.016068
32 0.079771
19 0.021267
21 0.013149
340 0.097890
268 1.322416
22 0.048028
71 0.083258
49 0.174728
28 0.090646
8 0.017209
14 0.013537
51 0.133103
16 0.031436
19 0.016988
27 0.019500
13 0.012097
27 0.018143
52 0.144236
8 0.017543
14 0.009863
33 0.038875
3 0.004808
75 0.120286
4 0.012198
7 0.013216
69 0.025253
405 0.135046
110 0.061568
160 0.198518
4 0.007286
390 0.293846
61 0.198009
411 0.116916
195 0.074675
30 0.025786
1 0.003614
409 0.090909
108 0.243785
44 0.130232
23 0.019970
96 0.189513
17 0.022071
75 0.151337
4 0.009105
7 0.011940
69 0.019396
405 0.125336
110 0.036046
160 0.150191
4 0.008552
390 0.256624
61 0.165473
411 0.117812
195 0.071020
4 0.062572
3 0.006518
6 0.017791
74 0.117526
39 0.067438
26 0.050615
205 0.351041
45 0.084974
95 0.044108
18 0.035050
155 0.070180
8 0.013603
84 0.063454
205 0.574069
61 0.205312
42 0.039132
10 0.017633
88 0.135178
34 0.086816
33 0.028444
109 0.201552
46 0.043408
34 0.060603
97 0.181532
38 0.056778
75 0.086629
11 0.009000
11 0.007428
12 0.008427
24 0.012087
5 0.004727
30 0.043101
14 0.018438
84 0.130501
41 0.051554
64 0.085369
100 0.195509
34 0.021023
64 0.082210
18 0.052639
34 0.022568
63 0.088738
4 0.009616
69 0.021949
4 0.046148
3 0.004462
205 0.300720
45 0.076772
95 0.033332
18 0.033912
155 0.071950
8 0.011409
84 0.065518
4 0.007797
69 0.023308
6 0.011224
74 0.089568
39 0.040341
26 0.034844
34 0.023743
63 0.115870
100 0.233548
34 0.020699
64 0.061505
18 0.039755
205 0.581614
61 0.116135
42 0.039808
10 0.016637
88 0.116254
84 0.120263
41 0.065055
34 0.048198
64 0.074174
33 0.036426
109 0.220975
46 0.028107
34 0.062752
97 0.188382
38 0.037818
24 0.017357
75 0.078624
11 0.009196
11 0.010700
12 0.006102
14 0.016397
5 0.007797
30 0.056406
52 0.119607
4 0.008343
4 0.007825
69 0.022798
225 0.489725
64 0.148514
12 0.021611
63 0.046210
286 0.164307
8 0.011605
4 0.009464
18 0.026787
8 0.005929
435 0.509631
4 0.010531
30 0.033816
30 0.032108
84 0.130201
7 0.008068
52 0.133132
4 0.008730
4 0.009014
69 0.040635
225 0.620124
64 0.157115
12 0.018275
63 0.031378
286 0.130936
18 0.028212
8 0.007561
8 0.005828
4 0.131560
97 0.150031
4 0.009681
69 0.024559
363 1.143901
4 0.012977
106 0.108338
50 0.021422
8 0.010326
97 0.240023
4 0.030695
69 0.025894
363 1.186538
4 0.028656
106 0.123463
50 0.022011
8 0.010087
86 0.158819
69 0.026880
280 0.681650
45 0.042203
13 0.021989
488 0.196579
84 0.135183
102 0.128544
29 0.062899
26 0.057315
23 0.039918
650 0.325072
145 0.531173
4 0.009707
21 0.027340
35 0.059435
39 0.025460
13 0.025217
148 0.076161
11 0.015557
43 0.088841
203 1.016200
118 0.331820
6 0.011924
36 0.035790
39 0.060245
13 0.022696
92 0.224788
31 0.042990
68 0.081768
96 0.084946
100 0.071987
52 0.045944
34 0.061265
4 0.005836
66 0.030182
21 0.017598
71 0.070777
26 0.044347
27 0.025261
8 0.010857
93 0.164443
71 0.032851
47 0.089109
87 0.321453
8 0.007471
43 0.081289
6 0.007876
5 0.005339
86 0.159799
69 0.024749
280 0.628303
45 0.032371
13 0.033482
488 0.256088
84 0.152896
102 0.088532
29 0.042520
26 0.047511
23 0.029354
650 0.275697
145 0.525005
4 0.009782
6 0.007729
5 0.005792
8 0.010971
93 0.223383
71 0.026428
47 0.084123
87 0.296610
8 0.010069
43 0.064123
39 0.027343
13 0.025141
21 0.035219
35 0.085458
148 0.050359
11 0.018172
27 0.019970
203 0.923375
118 0.252298
6 0.015420
36 0.036982
39 0.052264
13 0.021222
92 0.280503
31 0.044245
68 0.086886
96 0.081703
100 0.085032
52 0.047116
34 0.067493
66 0.031950
26 0.049103
71 0.070402
21 0.012577
4 0.004123
43 0.082086
50 0.147142
4 0.009532
6 0.012165
4 0.010194
69 0.025496
464 0.203433
17 0.022642
17 0.011285
96 0.120672
60 0.065761
210 0.096147
25 0.048358
40 0.032407
581 0.482028
85 0.058004
37 0.058982
37 0.058120
19 0.030581
18 0.012114
18 0.024690
150 0.245515
79 0.208066
54 0.120980
5 0.005748
15 0.020857
81 0.022623
24 0.032928
4 0.007242
77 0.131332
20 0.026750
302 0.121993
14 0.014287
20 0.011237
5 0.007855
193 0.115023
273 0.237446
64 0.126252
48 0.078811
154 0.039408
50 0.188673
4 0.012168
6 0.013337
4 0.010156
69 0.031270
464 0.246787
17 0.017322
17 0.012044
96 0.125042
60 0.099233
210 0.091973
25 0.048125
40 0.031542
581 0.542666
85 0.041472
48 0.053054
18 0.011404
15 0.016966
81 0.018665
24 0.032193
4 0.007174
193 0.188032
273 0.163299
64 0.086138
302 0.092057
14 0.020428
20 0.013413
5 0.009270
37 0.049456
37 0.066795
20 0.025670
19 0.023550
18 0.026800
150 0.246836
79 0.153806
54 0.149198
5 0.006560
77 0.159788
357 2.090889
9 0.017084
692 0.312912
219 0.075516
38 0.090124
14 0.018415
33 0.048871
5 0.010224
37 0.021642
35 0.025925
788 1.744596
46 0.075246
67 0.136294
132 0.180242
66 0.085845
44 0.056201
14 0.015009
311 0.156310
3 0.009254
2 0.003424
129 0.277235
99 0.074219
10 0.021209
9 0.017952
22 0.028863
2 0.004296
10 0.012242
17 0.024582
44 0.103760
15 0.029632
59 0.064469
236 0.081654
40 0.094596
40 0.030764
31 0.055123
369 1.177874
17 0.045651
71 0.083741
4 0.007513
91 0.073729
77 0.083018
88 0.063729
86 0.090992
10 0.024588
602 0.152118
33 0.100801
26 0.083570
26 0.071765
56 0.124930
10 0.010219
44 0.065810
33 0.024233
8 0.011304
89 0.378035
31 0.082187
105 0.422541
296 1.871465
162 0.255623
120 0.048535
38 0.039937
35 0.034230
146 0.320135
14 0.024053
9 0.015537
33 0.080744
1 0.003064
36 0.044672
21 0.019702
10 0.016341
44 0.117124
10 0.017422
44 0.154203
10 0.016496
44 0.119425
10 0.017414
44 0.124831
10 0.011664
44 0.110110
10 0.015459
44 0.165195
10 0.017388
44 0.127286
10 0.011796
44 0.163852
10 0.018685
44 0.142788
10 0.012466
44 0.155748
10 0.017692
44 0.155932
10 0.012841
44 0.154485
10 0.015504
44 0.176389
10 0.011217
44 0.116743
10 0.017009
44 0.116504
10 0.015247
44 0.113423
10 0.016583
44 0.156040
10 0.018742
44 0.129204
10 0.018024
44 0.162515
10 0.018121
44 0.166003
10 0.012639
44 0.110325
10 0.016647
44 0.239753
10 0.012961
44 0.162479
10 0.015836
44 0.150385
10 0.013667
44 0.157635
10 0.016498
44 0.123997
20 0.033657
57 0.110983
28 0.059501
57 0.097950
57 0.106594
12 0.017467
47 0.091654
52 0.149229
15 0.018425
24 0.024168
68 0.146575
40 0.071574
54 0.135339
8 0.012436
42 0.083279
28 0.048108
63 0.133315
14 0.023459
14 0.030124
32 0.041325
13 0.029051
5 0.006398
45 0.084742
270 0.202345
27 0.049138
24 0.021163
17 0.011828
4 0.004904
116 0.275957
131 0.086940
36 0.052212
85 0.052166
4 0.008382
4 0.008964
69 0.025458
32 0.109179
69 0.038080
266 1.199242
31 0.059938
482 0.125374
42 0.094063
171 0.444655
176 0.121592
4 0.006531
32 0.107970
69 0.020314
266 1.027349
31 0.044782
482 0.107663
42 0.089818
171 0.371161
176 0.109288
4 0.008545
37 0.097810
69 0.018005
86 0.169458
37 0.094919
69 0.017154
86 0.246019
54 0.138774
4 0.008950
6 0.011581
4 0.028706
69 0.024142
552 0.270871
4 0.013178
65 0.189027
41 0.063291
18 0.016978
40 0.018571
8 0.012111
436 1.699326
20 0.034382
55 0.098453
23 0.022940
17 0.009800
62 0.080332
49 0.034692
54 0.113622
4 0.006788
6 0.008169
4 0.008216
69 0.024277
552 0.197366
4 0.008707
65 0.146721
41 0.055815
436 1.273585
20 0.033374
55 0.074346
23 0.025636
17 0.010911
62 0.104478
49 0.024659
18 0.026125
40 0.023754
8 0.009848
39 0.089253
69 0.019846
379 0.929011
25 0.056043
39 0.129351
69 0.024563
379 1.057725
25 0.040175
60 0.118227
4 0.006832
69 0.018580
341 0.142420
9 0.021294
20 0.021975
20 0.024874
83 0.044098
82 0.117765
164 0.705837
42 0.043076
124 0.044867
72 0.028988
78 0.025449
325 0.177854
210 0.411834
20 0.038330
46 0.088053
66 0.144159
52 0.107196
139 0.076983
60 0.180877
4 0.010503
69 0.044908
341 0.219302
9 0.021611
20 0.016313
20 0.024563
83 0.044505
82 0.085563
164 0.744433
42 0.052620
124 0.030840
72 0.023856
78 0.018404
325 0.140301
210 0.382284
20 0.053106
46 0.077652
52 0.077481
66 0.114078
58 0.188273
225 0.600085
4 0.008596
16 0.017743
16 0.021621
41 0.088869
52 0.076754
86 0.099728
12 0.019420
85 0.198453
12 0.024994
7 0.014828
58 0.191601
225 0.588955
4 0.012917
16 0.024171
16 0.019664
41 0.067538
52 0.086595
86 0.101969
12 0.015347
85 0.175724
12 0.025072
7 0.009935
35 0.050389
4 0.009987
4 0.008724
69 0.020068
75 0.077549
150 0.064553
35 0.089042
4 0.006564
4 0.005897
69 0.018594
75 0.061576
150 0.072745
52 0.165689
69 0.024297
64 0.206987
9 0.017625
44 0.075474
4 0.004540
23 0.045638
58 0.097523
16 0.040023
18 0.019808
42 0.070713
30 0.032733
23 0.033215
17 0.010754
9 0.006744
4 0.005098
162 0.250192
59 0.078259
31 0.040306
32 0.032059
16 0.022519
83 0.131091
42 0.086797
37 0.036763
37 0.026243
6 0.007721
14 0.016233
35 0.042858
31 0.044521
32 0.050904
52 0.086085
172 0.309296
155 0.067145
17 0.019130
64 0.025433
10 0.015304
182 0.098918
28 0.073024
152 0.196768
46 0.081530
15 0.018186
6 0.007292
52 0.126451
69 0.018557
64 0.158903
9 0.034244
44 0.051412
4 0.004014
23 0.046076
58 0.098744
18 0.019577
16 0.016362
42 0.067575
30 0.047316
23 0.022984
17 0.015114
162 0.212673
59 0.091238
31 0.050507
32 0.056986
83 0.105402
42 0.084356
37 0.028379
37 0.026524
35 0.059379
52 0.058014
31 0.034096
32 0.052248
172 0.311541
155 0.072002
10 0.024715
17 0.017450
182 0.096511
28 0.060094
152 0.206431
46 0.122008
15 0.019916
6 0.007623
64 0.018126
6 0.011873
14 0.013576
16 0.022603
4 0.006016
9 0.006762
30 0.053018
1 0.002830
409 0.064417
30 0.111380
69 0.025524
78 0.334920
10 0.033527
21 0.047107
31 0.010682
46 0.027178
148 0.302675
66 0.040715
99 0.141186
74 0.148487
55 0.060709
416 0.772345
627 0.947747
34 0.060078
397 0.810293
653 0.421985
220 1.246950
148 0.325340
381 0.543587
125 0.211864
123 0.234485
70 0.235567
47 0.083789
47 0.064351
71 0.074270
123 0.051876
141 0.785662
34 0.050463
45 0.021267
30 0.095088
69 0.017805
78 0.276278
10 0.018293
21 0.033806
31 0.007858
46 0.020065
148 0.223572
66 0.041453
99 0.128080
74 0.175910
55 0.054094
45 0.023237
416 0.680201
627 0.971748
34 0.066616
397 0.853692
653 0.449511
125 0.200702
34 0.047959
381 0.601491
123 0.059301
141 0.742060
70 0.256537
47 0.095160
47 0.063849
220 1.482886
71 0.132247
148 0.323827
123 0.202979
20 0.097027
69 0.043714
37 0.139101
20 0.094548
69 0.031822
37 0.121051
154 0.070919
37 0.096503
4 0.006325
4 0.005776
69 0.021091
211 0.708207
55 0.060833
18 0.023347
68 0.123820
152 0.416962
129 0.104343
22 0.032221
46 0.043577
45 0.096265
34 0.026423
54 0.089145
105 0.178644
83 0.188650
155 0.156800
20 0.033125
53 0.107392
130 0.111801
92 0.079664
29 0.038278
37 0.111564
4 0.008831
4 0.008197
69 0.025233
211 0.975133
55 0.071948
18 0.034252
68 0.127210
152 0.408001
129 0.115088
22 0.023446
29 0.038825
83 0.219403
155 0.143519
53 0.125991
20 0.028372
45 0.096301
130 0.157702
92 0.092291
54 0.062152
105 0.234378
46 0.048125
34 0.025723
34 0.087824
4 0.006719
4 0.005726
69 0.020875
122 0.070588
238 0.535693
49 0.078002
4 0.007719
34 0.127386
4 0.009011
4 0.008075
69 0.025362
122 0.102601
238 0.569635
49 0.081576
4 0.004672
108 0.279174
44 0.147220
23 0.026298
96 0.209189
17 0.020807
139 0.368680
10 0.020921
7 0.007882
10 0.017913
68 0.405164
11 0.014767
7 0.011330
7 0.011167
34 0.093029
79 0.253543
2042 1.092300
19 0.020094
18 0.023363
10 0.012553
22 0.038860
412 0.212210
52 0.239830
50 0.149056
61 0.055391
36 0.049267
92 0.228868
21 0.061261
36 0.044028
140 0.042664
822 0.200533
9 0.026845
20 0.053438
195 1.477636
11 0.017713
10 0.008423
16 0.028799
8 0.010060
32 0.069632
19 0.025168
21 0.012611
340 0.090954
268 1.313009
22 0.059105
14 0.014067
49 0.153094
51 0.109202
28 0.065652
8 0.016496
71 0.071438
18 0.028080
27 0.066749
13 0.013776
27 0.020523
52 0.137938
8 0.025464
14 0.025252
33 0.053366
3 0.012866
30 0.063636
1 0.003979
409 0.076874
108 0.186289
44 0.102178
23 0.023127
96 0.141560
17 0.022300
46 0.113605
4 0.007697
7 0.009459
69 0.020165
482 0.146336
110 0.034345
4 0.009884
78 0.059984
12 0.007049
73 0.060260
48 0.199238
18 0.042768
76 0.035025
46 0.146115
43 0.091544
20 0.037780
11 0.010840
10 0.016239
7 0.006574
95 0.095764
26 0.084497
54 0.094476
51 0.067813
47 0.136104
202 0.074264
32 0.093876
129 0.044545
23 0.087942
139 0.332310
10 0.035874
7 0.010197
10 0.015691
68 0.331124
11 0.015767
7 0.008939
7 0.011787
34 0.075371
79 0.226061
2042 1.099477
22 0.039843
412 0.220095
52 0.174452
50 0.180111
61 0.058852
36 0.059172
92 0.239556
21 0.088740
36 0.062412
140 0.047560
822 0.304666
9 0.016213
18 0.022803
20 0.049429
195 1.116915
11 0.015429
10 0.010907
10 0.016491
18 0.030760
8 0.014949
32 0.058961
19 0.030352
21 0.022958
340 0.100598
268 1.243227
22 0.058291
71 0.072355
49 0.148498
28 0.079202
8 0.016068
14 0.013516
51 0.110610
16 0.036647
19 0.017521
27 0.025853
13 0.011996
27 0.024067
52 0.143520
8 0.016945
14 0.010259
33 0.037656
3 0.006669
30 0.020834
1 0.002916
409 0.091548
108 0.203222
44 0.099465
23 0.020860
96 0.186107
17 0.020362
46 0.076254
4 0.010903
7 0.008955
69 0.017810
482 0.135887
110 0.061226
4 0.008568
78 0.068051
12 0.009040
73 0.043559
48 0.185275
18 0.069211
76 0.051390
46 0.123753
95 0.083602
43 0.158079
7 0.011588
10 0.013501
20 0.031618
26 0.064333
54 0.052493
51 0.056841
47 0.137116
129 0.054330
202 0.097110
32 0.104296
11 0.015884
23 0.053323
139 0.376131
43 0.084962
7 0.011853
139 0.260334
43 0.079109
7 0.011253
29 0.038487
69 0.017003
171 0.467660
29 0.083973
69 0.017241
171 0.509982
41 0.097040
4 0.006891
4 0.006145
69 0.021657
306 0.793874
16 0.037401
74 0.226782
86 0.090385
10 0.012867
26 0.040828
34 0.135507
64 0.181472
87 0.228371
92 0.046337
54 0.039711
23 0.080601
398 1.273499
52 0.042765
23 0.045533
377 1.373636
200 0.181683
41 0.118935
4 0.008533
4 0.008315
69 0.024502
306 0.940126
16 0.034526
74 0.230530
86 0.134211
10 0.016439
26 0.038617
34 0.132374
64 0.169945
87 0.295116
92 0.044464
54 0.039000
377 1.444794
200 0.141264
23 0.092431
52 0.046340
23 0.040006
398 1.185085
26 0.137091
69 0.019417
41 0.084687
26 0.084636
69 0.017771
41 0.094249
27 0.087253
69 0.017757
79 0.224205
27 0.084585
69 0.018698
79 0.310909
139 0.259066
43 0.055578
7 0.012350
35 0.047402
69 0.016522
384 2.593495
1 0.005681
3 0.005346
94 0.181148
41 0.055066
177 0.233601
7 0.014443
7 0.011358
35 0.098857
69 0.017477
384 2.420469
1 0.006149
3 0.004650
94 0.219165
41 0.043003
177 0.263031
7 0.018447
7 0.008583
47 0.155296
69 0.022902
383 0.155354
27 0.027565
36 0.024468
31 0.030743
32 0.045836
113 0.236502
448 0.164907
12 0.012834
72 0.122992
109 0.173683
21 0.043166
142 0.483903
105 0.266050
25 0.023615
37 0.033116
6 0.007899
11 0.012407
142 0.231380
102 0.251578
52 0.044842
19 0.026071
51 0.082362
72 0.115181
56 0.118770
47 0.065710
47 0.105934
69 0.017462
383 0.096399
27 0.034575
31 0.031863
36 0.023068
32 0.077097
113 0.248565
448 0.147648
25 0.044562
56 0.094293
47 0.069786
12 0.009553
72 0.153541
109 0.187543
21 0.042370
142 0.506884
105 0.300917
37 0.039701
51 0.103278
72 0.141225
6 0.007525
11 0.008529
142 0.252664
102 0.326341
52 0.055712
19 0.027018
40 0.097425
4 0.006515
69 0.017488
169 0.079906
171 0.061619
69 0.031446
25 0.066050
139 0.087701
40 0.108892
4 0.006300
69 0.017391
169 0.108900
171 0.095177
69 0.042219
25 0.058056
68 0.128459
69 0.023355
95 0.299877
9 0.018188
11 0.017134
68 0.130129
12 0.009612
55 0.091183
88 0.191680
16 0.026709
8 0.011807
437 0.261583
10 0.019374
5 0.007245
97 0.244457
4 0.007933
52 0.150731
592 0.654436
31 0.021550
29 0.028465
29 0.029153
248 0.576177
30 0.096062
69 0.021249
91 0.201485
30 0.086579
69 0.017965
91 0.201969
108 0.183401
44 0.096941
23 0.017971
96 0.134450
17 0.015293
45 0.058572
4 0.009121
7 0.008878
69 0.017227
373 0.125590
39 0.126787
432 0.199136
52 0.183167
11 0.022707
146 0.243738
100 0.218414
47 0.088893
45 0.105289
4 0.007284
7 0.012177
69 0.022557
373 0.137422
39 0.112460
432 0.162570
11 0.023446
52 0.142089
29 0.105604
69 0.031063
44 0.146888
29 0.108378
69 0.022649
44 0.181260
357 2.072737
9 0.021572
692 0.419673
219 0.071427
38 0.076806
14 0.018379
33 0.045488
5 0.007648
37 0.026851
35 0.019361
788 1.716392
46 0.093379
67 0.138083
132 0.202527
66 0.077355
44 0.053580
14 0.015045
311 0.182200
3 0.012282
2 0.004965
129 0.287142
99 0.078992
10 0.020512
9 0.016830
22 0.032402
2 0.005033
10 0.015292
17 0.021337
44 0.090919
15 0.023610
59 0.046378
236 0.073561
40 0.067006
40 0.032415
31 0.057218
369 1.280235
17 0.046136
71 0.072606
4 0.007208
91 0.072496
77 0.066414
88 0.069600
86 0.079648
10 0.024595
602 0.125451
33 0.071893
26 0.094364
26 0.055155
56 0.108222
10 0.009363
44 0.063231
33 0.025837
8 0.014818
89 0.306247
31 0.054000
105 0.368998
296 1.699887
162 0.186155
120 0.051388
38 0.036756
35 0.024308
146 0.237082
14 0.024625
9 0.015597
33 0.057111
1 0.003354
36 0.041628
21 0.018122
10 0.015946
44 0.153918
10 0.015564
44 0.167748
10 0.012420
44 0.151173
10 0.012052
44 0.152926
10 0.016850
44 0.125531
10 0.016681
44 0.130861
10 0.011654
44 0.136061
10 0.012436
44 0.124970
10 0.018443
44 0.159572
10 0.016785
44 0.133326
10 0.017195
44 0.115232
10 0.016859
44 0.113684
10 0.009949
44 0.159417
10 0.010665
44 0.142765
10 0.012198
44 0.109647
10 0.017624
44 0.166477
10 0.014355
44 0.155389
10 0.012537
44 0.112369
10 0.013061
44 0.136849
10 0.017010
44 0.152493
10 0.012237
44 0.151103
10 0.017680
44 0.139977
10 0.013050
44 0.144800
10 0.031016
44 0.154197
10 0.017176
44 0.166825
10 0.018396
44 0.165693
20 0.033510
57 0.136493
28 0.084835
57 0.131784
57 0.155216
12 0.015530
47 0.059316
52 0.125492
15 0.014214
24 0.022010
68 0.126086
40 0.087096
54 0.101922
8 0.011191
42 0.067557
28 0.058640
63 0.121997
14 0.024485
14 0.043908
32 0.040581
13 0.026572
5 0.006411
45 0.062472
270 0.195292
27 0.054945
24 0.019246
17 0.011820
4 0.005442
116 0.348471
131 0.059521
36 0.056550
85 0.039138
4 0.007496
4 0.006361
69 0.016393
357 2.272282
9 0.018226
692 0.378007
219 0.098399
38 0.072260
14 0.012770
33 0.032637
5 0.007107
37 0.020329
35 0.018242
788 1.545015
46 0.105414
67 0.110346
132 0.252834
66 0.095750
44 0.041753
14 0.020477
311 0.181028
3 0.009827
2 0.004514
129 0.293656
116 0.292987
4 0.014341
4 0.006529
69 0.018409
22 0.032822
2 0.004244
10 0.012328
99 0.055258
10 0.022037
9 0.012629
27 0.042657
24 0.018340
17 0.016834
4 0.006201
131 0.062531
36 0.060366
85 0.046306
4 0.008055
45 0.088397
270 0.298644
17 0.035647
44 0.075460
15 0.025650
59 0.046459
236 0.071242
40 0.080706
40 0.030636
369 1.339688
17 0.060074
71 0.078621
31 0.062716
33 0.065229
1 0.003714
24 0.024009
68 0.118232
40 0.094002
54 0.144174
8 0.019843
42 0.088374
28 0.062358
63 0.184896
14 0.033348
14 0.032360
10 0.005976
5 0.005200
13 0.024257
32 0.039218
14 0.016417
9 0.015260
36 0.044657
21 0.020490
10 0.012875
44 0.124562
10 0.012811
44 0.141230
10 0.018875
44 0.160919
10 0.015886
44 0.124539
10 0.012253
44 0.136396
10 0.018135
44 0.156437
10 0.015017
44 0.162716
10 0.017167
44 0.155692
10 0.014760
44 0.130406
10 0.016963
44 0.116444
10 0.012005
44 0.160567
10 0.012089
44 0.148413
10 0.015685
44 0.119272
10 0.011494
44 0.155131
10 0.017598
44 0.161587
10 0.018348
44 0.123215
10 0.015407
44 0.144062
10 0.017291
44 0.152686
10 0.013146
44 0.140347
10 0.013838
44 0.168477
10 0.017569
44 0.123435
10 0.016668
44 0.110955
10 0.012878
44 0.162530
10 0.016860
44 0.137008
10 0.018265
44 0.177244
10 0.015952
44 0.105384
15 0.017979
28 0.080117
20 0.033220
52 0.181739
47 0.098323
12 0.012248
57 0.115793
57 0.120918
57 0.096582
91 0.060491
77 0.080297
88 0.087522
86 0.092974
10 0.025201
602 0.142383
33 0.087754
89 0.514417
31 0.077841
296 1.960794
105 0.441259
120 0.063922
35 0.035837
162 0.188669
38 0.035272
146 0.277432
26 0.049910
26 0.057796
56 0.145403
44 0.081607
33 0.019718
8 0.009927
46 0.109909
4 0.006699
69 0.021217
339 0.138926
21 0.020675
4 0.006372
394 0.111423
92 0.296935
37 0.049794
218 0.549945
13 0.026757
132 0.241186
41 0.049629
80 0.130655
46 0.105475
4 0.006880
69 0.020024
339 0.102118
21 0.016774
4 0.004860
394 0.111240
92 0.289000
37 0.071178
218 0.754229
13 0.022652
132 0.330954
41 0.057237
80 0.132744
36 0.093103
4 0.006362
69 0.017339
161 0.484215
87 0.298789
1 0.005538
3 0.006463
4 0.007340
84 0.480491
7 0.011298
10 0.021709
22 0.052826
11 0.013794
23 0.066103
36 0.091911
4 0.006748
69 0.017233
161 0.505916
87 0.433660
1 0.004490
3 0.005527
4 0.005463
84 0.245937
7 0.007270
10 0.012632
22 0.040576
11 0.011372
36 0.092732
4 0.006585
69 0.017560
197 0.613830
1 0.004572
3 0.004178
4 0.008413
7 0.007025
36 0.112718
4 0.008286
69 0.022258
197 0.713374
1 0.003873
3 0.005593
4 0.008435
7 0.009053
44 0.100348
4 0.006888
69 0.021748
393 1.067887
1 0.004279
3 0.005866
4 0.006243
7 0.006537
44 0.099314
4 0.006942
69 0.017029
393 1.012549
1 0.004907
3 0.005632
4 0.008711
7 0.007065
46 0.101007
69 0.017514
383 3.005936
13 0.020767
30 0.021334
19 0.016920
19 0.013371
46 0.115644
69 0.022628
383 3.004510
13 0.019906
30 0.023645
19 0.018086
19 0.013234
139 0.284439
10 0.015445
7 0.010738
10 0.012779
68 0.212952
11 0.016355
7 0.009255
7 0.011004
34 0.081302
79 0.264007
2042 1.090934
22 0.044439
412 0.235150
52 0.247607
50 0.162651
61 0.048039
36 0.040710
92 0.175833
21 0.083215
36 0.062376
140 0.048454
822 0.297574
9 0.019560
18 0.030491
20 0.051111
195 1.434460
11 0.015447
10 0.007885
10 0.012086
18 0.032197
8 0.015333
32 0.053713
19 0.018676
21 0.017253
340 0.096674
268 1.214737
22 0.059201
71 0.095451
49 0.148597
28 0.080207
8 0.012245
14 0.009640
51 0.079648
16 0.037034
19 0.017744
27 0.023461
13 0.016548
27 0.027093
52 0.107938
8 0.015172
14 0.009760
33 0.043947
3 0.005094
30 0.032595
1 0.002608
409 0.096652
108 0.212297
44 0.152080
23 0.018620
96 0.170098
17 0.018251
42 0.075225
4 0.009763
7 0.012394
69 0.021446
337 0.077799
115 0.062145
41 0.018676
49 0.141779
80 0.053292
45 0.059130
91 0.254743
346 0.703184
52 0.120722
29 0.038294
13 0.016971
36 0.046581
255 0.092659
128 0.090676
14 0.027289
11 0.041012
7 0.008349
43 0.153441
48 0.204849
18 0.026148
42 0.102305
4 0.006496
7 0.008562
69 0.025057
337 0.104545
115 0.049757
41 0.016220
49 0.135067
80 0.043043
45 0.048099
34 0.095481
4 0.006953
69 0.017757
261 0.339542
9 0.019733
10 0.016106
34 0.092066
4 0.006735
69 0.019247
261 0.278327
9 0.027814
10 0.011567
49 0.177261
4 0.008856
4 0.008945
69 0.041329
242 1.057127
54 0.102475
64 0.176428
19 0.034199
55 0.090131
11 0.011914
11 0.010381
11 0.010235
66 0.087797
20 0.032525
49 0.106792
4 0.007076
4 0.005807
69 0.019242
242 0.790233
54 0.076366
64 0.151969
19 0.033167
55 0.093436
11 0.015975
11 0.016100
11 0.015203
66 0.142035
20 0.033027
35 0.094311
69 0.018485
274 1.211098
9 0.016256
35 0.090220
69 0.017690
274 1.175215
9 0.019067
32 0.088722
69 0.018288
79 0.313958
32 0.104691
69 0.022527
79 0.349491
113 0.290898
4 0.011461
69 0.045435
388 1.895164
97 0.219259
358 0.175189
16 0.032594
61 0.033154
77 0.142038
46 0.062213
41 0.062043
163 0.590795
130 0.050113
18 0.027939
40 0.084950
271 0.099638
29 0.042777
51 0.107637
12 0.018213
12 0.018908
27 0.059844
17 0.022338
7 0.010767
13 0.026189
5 0.006254
14 0.017815
4 0.004507
54 0.025078
190 1.520526
31 0.092897
124 0.056567
9 0.012817
26 0.060797
121 0.251315
19 0.021870
435 0.422550
4 0.011861
30 0.032192
30 0.038150
84 0.068735
7 0.006413
113 0.277732
4 0.012400
69 0.024807
388 2.125180
97 0.205644
358 0.140781
16 0.035572
61 0.036874
77 0.126833
46 0.038692
19 0.021319
41 0.062720
163 0.444784
130 0.050954
18 0.035114
4 0.007124
54 0.036069
190 1.638538
31 0.060203
12 0.028186
124 0.065770
9 0.010103
26 0.049786
29 0.051472
121 0.284362
40 0.082588
271 0.129216
12 0.028121
51 0.081778
27 0.060220
17 0.022422
7 0.008083
13 0.019481
5 0.005145
14 0.022019
63 0.129382
4 0.007241
4 0.006245
69 0.024683
828 0.220072
89 0.192179
5 0.025035
55 0.060732
61 0.162511
15 0.034110
12 0.018273
61 0.107483
155 0.055917
30 0.023711
220 0.055766
227 0.050022
73 0.142976
146 0.366072
58 0.105532
48 0.040565
43 0.049566
12 0.013450
20 0.026408
26 0.030390
390 0.208911
50 0.065026
93 0.109184
93 0.070991
94 0.096525
94 0.070648
93 0.071129
93 0.111084
93 0.108334
96 0.099949
96 0.091191
96 0.089040
85 0.127849
97 0.074986
63 0.153298
4 0.008942
4 0.009383
69 0.043942
828 0.199470
89 0.123365
5 0.005145
55 0.046529
61 0.110152
15 0.029275
12 0.013303
61 0.067935
155 0.039780
30 0.019905
220 0.055175
227 0.050084
390 0.238887
50 0.055312
93 0.108214
93 0.082763
94 0.078979
94 0.063950
93 0.066824
93 0.067035
93 0.066500
96 0.064169
96 0.074786
96 0.084664
85 0.095056
97 0.045762
26 0.029675
58 0.107916
12 0.012202
20 0.018056
43 0.030499
73 0.136059
146 0.399826
48 0.049062
139 0.296920
37 0.092569
4 0.006339
4 0.005438
69 0.016770
113 0.306049
4 0.006414
97 0.082536
151 0.123622
360 0.503683
5 0.010618
10 0.020757
37 0.133338
4 0.008074
4 0.007913
69 0.024938
113 0.362994
4 0.011076
97 0.127590
151 0.181974
360 0.515089
10 0.023813
5 0.010799
29 0.099005
69 0.017353
88 0.191932
310 0.221944
37 0.070446
47 0.054916
14 0.020579
28 0.028372
29 0.083972
69 0.016445
88 0.238130
310 0.208686
37 0.048722
47 0.079038
14 0.021587
28 0.019875
34 0.091777
69 0.017075
88 0.215184
25 0.015091
23 0.026405
163 0.303136
118 0.192292
23 0.017831
4 0.005273
79 0.078881
27 0.048157
183 0.047962
36 0.040380
47 0.078435
27 0.018046
8 0.010047
34 0.098724
69 0.017749
88 0.273531
25 0.021110
23 0.019653
79 0.084317
27 0.046696
183 0.063869
36 0.034690
118 0.167627
47 0.139835
27 0.012929
23 0.024411
4 0.005908
8 0.010152
163 0.267350
418 0.208703
82 0.034784
7 0.015482
58 0.071730
20 0.019605
17 0.024679
70 0.091511
37 0.088940
16 0.016671
1882 33.311293
155 0.218968
2561 65.292204
121 0.121264
143 0.198066
253 0.500289
87 0.142384
49 0.039859
43 0.075132
30 0.057070
22 0.028386
44 0.058475
26 0.041165
65 0.074320
100 0.181211
47 0.048208
46 0.059303
88 0.153404
136 0.156335
249 1.059423
50 0.044473
48 0.034984
212 0.189480
20 0.034353
22 0.024003
133 0.290149
50 0.084777
4 0.011752
128 0.373641
3 0.009315
63 0.125618
109 0.057237
8 0.011711
4 0.008833
4 0.008145
69 0.022399
418 0.214764
82 0.060970
7 0.015969
58 0.061287
20 0.027628
17 0.019668
70 0.094987
37 0.125437
16 0.015702
4 0.009118
4 0.007467
69 0.021748
3 0.006908
1882 31.121945
155 0.218983
2561 66.354874
121 0.077315
143 0.195986
253 0.541829
63 0.132242
109 0.048695
8 0.022251
128 0.421920
44 0.083605
46 0.053017
88 0.186024
20 0.020160
133 0.362798
50 0.089913
249 0.987065
48 0.040384
26 0.035988
65 0.054289
47 0.053459
4 0.007085
212 0.168803
30 0.074886
100 0.194496
22 0.030892
87 0.122441
49 0.027414
43 0.071431
22 0.037386
136 0.110318
50 0.047246
31 0.099248
69 0.017039
179 0.281773
9 0.019672
31 0.111293
69 0.022690
179 0.399270
9 0.019552
44 0.150308
69 0.023074
116 0.352178
411 0.140757
30 0.045496
55 0.042333
221 1.331396
335 0.770778
4 0.010035
28 0.073218
55 0.041179
55 0.052648
37 0.065932
44 0.124299
69 0.022844
116 0.325906
411 0.114368
30 0.047415
55 0.041048
221 1.356533
335 0.738128
37 0.092948
55 0.041364
55 0.038919
4 0.004724
28 0.063903
23 0.074653
47 0.190972
4 0.009330
4 0.008866
69 0.023245
381 0.112431
267 0.261505
95 0.132854
38 0.020426
119 0.020595
61 0.057149
564 0.338858
9 0.016148
220 0.065312
35 0.035727
852 6.375995
214 0.905536
67 0.182130
126 0.318733
159 0.230211
5 0.011795
4 0.006372
16 0.024539
50 0.106793
142 0.378869
57 0.085721
49 0.061649
47 0.116705
4 0.006731
4 0.005934
69 0.018315
381 0.134866
267 0.255313
95 0.193112
38 0.021697
119 0.026809
61 0.052307
564 0.310872
9 0.026394
220 0.069266
35 0.034962
4 0.006111
49 0.088329
142 0.317525
5 0.014698
57 0.094962
50 0.092462
852 6.882391
214 0.827078
67 0.192611
126 0.363664
159 0.189793
16 0.021222
37 0.127759
69 0.022744
92 0.418651
86 0.092654
32 0.022958
61 0.023802
10 0.014331
180 0.126016
96 0.128179
31 0.036415
18 0.022093
36 0.045913
37 0.102677
69 0.018907
92 0.241519
86 0.088072
32 0.024748
61 0.022742
10 0.014711
180 0.093695
96 0.086247
31 0.038555
18 0.020535
36 0.047137
35 0.091475
69 0.018184
136 0.351412
35 0.092962
69 0.017668
136 0.331286
32 0.107061
69 0.021408
211 0.926766
34 0.081913
19 0.012032
87 0.125733
56 0.146007
146 0.201551
100 0.157019
47 0.077483
32 0.108658
69 0.021721
211 0.933537
34 0.083473
19 0.013094
87 0.135720
56 0.196555
146 0.208373
100 0.202801
47 0.096051
91 0.330220
346 0.859730
52 0.112082
29 0.035205
13 0.014678
36 0.033638
255 0.117821
128 0.089031
18 0.027790
7 0.005622
43 0.120452
48 0.078585
14 0.027690
11 0.021799
91 0.358515
346 0.598826
52 0.096391
29 0.026494
13 0.020678
36 0.034885
255 0.107617
128 0.088965
14 0.033319
11 0.024160
7 0.008253
43 0.124840
48 0.107788
18 0.022567
51 0.098795
69 0.019924
244 0.079104
36 0.022086
52 0.029264
13 0.021494
51 0.133854
69 0.022402
244 0.102566
36 0.015901
52 0.032824
13 0.019248
23 0.074448
32 0.062055
69 0.019882
115 0.305976
22 0.072916
70 0.138016
10 0.012051
11 0.015262
52 0.088345
18 0.020730
36 0.053028
32 0.086854
69 0.016876
115 0.269222
22 0.055809
70 0.108972
10 0.017609
11 0.015426
52 0.134962
18 0.032364
36 0.042394
34 0.088328
4 0.006576
69 0.018396
159 0.067717
34 0.116176
4 0.008800
69 0.042007
159 0.064880
41 0.098786
4 0.006424
69 0.016733
389 0.116827
229 0.340573
20 0.041823
272 0.635323
248 1.380123
112 0.378764
169 0.124558
7 0.010855
4 0.004589
29 0.032154
28 0.059161
44 0.056346
41 0.115565
4 0.006774
69 0.021299
389 0.130816
229 0.423191
20 0.038539
272 0.589962
248 1.276672
112 0.441133
169 0.137803
29 0.043747
28 0.064309
44 0.059015
7 0.011462
4 0.004813
435 0.453944
4 0.009763
30 0.024463
30 0.042590
84 0.097996
7 0.012836
46 0.131896
4 0.009230
69 0.024061
339 0.133125
21 0.024396
4 0.004515
394 0.085547
92 0.248431
37 0.060000
218 0.657474
13 0.020653
132 0.230805
41 0.056557
80 0.123712
46 0.102568
4 0.008009
69 0.023730
339 0.111962
21 0.017385
4 0.005023
394 0.130023
92 0.314877
37 0.073833
218 0.656251
13 0.019960
132 0.306664
41 0.049858
80 0.132943
46 0.108428
4 0.006959
69 0.016912
339 0.094961
21 0.025081
4 0.006409
394 0.102269
92 0.308016
37 0.073519
218 0.630492
13 0.023532
132 0.256019
41 0.055383
80 0.091708
46 0.128067
4 0.009157
69 0.023763
339 0.147657
21 0.024461
4 0.006597
394 0.075950
92 0.274668
37 0.072769
218 0.587134
13 0.020361
132 0.220145
41 0.034927
80 0.121264
46 0.103237
4 0.006703
69 0.017406
339 0.101186
21 0.022818
4 0.005727
394 0.104946
92 0.216214
37 0.051666
218 0.605467
13 0.025832
132 0.219559
41 0.048253
80 0.151643
46 0.128064
4 0.009199
69 0.025132
339 0.132143
21 0.016951
4 0.005592
394 0.093250
92 0.292383
37 0.048870
218 0.665656
13 0.023510
132 0.244711
41 0.039842
80 0.124456
46 0.112206
4 0.007579
69 0.021292
339 0.099330
21 0.024890
4 0.006242
394 0.080864
92 0.310103
37 0.074498
218 0.618704
13 0.028392
132 0.365539
41 0.037209
80 0.125395
46 0.110701
4 0.006835
69 0.017396
339 0.121211
21 0.018395
4 0.006939
394 0.103884
92 0.268497
37 0.057677
218 0.654571
13 0.018970
132 0.298886
41 0.035905
80 0.112693
46 0.107432
4 0.007042
69 0.021998
339 0.108190
21 0.025978
4 0.006272
394 0.106303
92 0.237696
37 0.073285
218 0.694215
13 0.021417
132 0.271643
41 0.036409
80 0.091519
46 0.106476
4 0.006718
69 0.021748
339 0.143340
21 0.024543
4 0.006621
394 0.106883
92 0.272916
37 0.061515
218 0.598144
13 0.020391
132 0.283390
41 0.049766
80 0.110812
56 0.169794
4 0.029713
69 0.041768
194 0.075396
3 0.010697
41 0.126474
83 0.286102
369 0.102240
194 0.774142
49 0.066154
53 0.102157
13 0.022919
218 0.360897
455 0.351208
56 0.063301
21 0.016880
34 0.083200
39 0.028965
5 0.005027
92 0.167894
26 0.042312
9 0.010145
56 0.176119
4 0.009784
69 0.023608
194 0.076198
3 0.009384
41 0.102878
83 0.335127
369 0.129160
218 0.328326
455 0.279129
9 0.013256
56 0.069870
21 0.013661
34 0.076081
39 0.023620
5 0.006915
92 0.139700
26 0.031638
53 0.114721
13 0.021632
194 0.725214
49 0.076646
39 0.096750
4 0.007021
4 0.006031
69 0.022253
480 0.249745
75 0.095162
33 0.015400
109 0.027619
134 0.126735
48 0.093951
57 0.080029
46 0.066145
41 0.060215
53 0.078736
9 0.015863
16 0.013399
26 0.030327
39 0.097787
4 0.007016
4 0.005824
69 0.023332
480 0.206000
75 0.072077
33 0.013722
109 0.020936
134 0.137437
48 0.077889
57 0.104593
46 0.061691
41 0.048500
53 0.065158
26 0.034659
16 0.016274
9 0.013140
27 0.085128
69 0.017338
102 0.106829
29 0.052964
27 0.102826
69 0.020181
102 0.194736
29 0.093252
79 0.177391
4 0.010835
4 0.008361
69 0.020527
1231 0.515719
9 0.020882
4 0.011585
151 0.123088
8 0.012703
10 0.012073
10 0.008914
42 0.023001
95 0.082377
11 0.025652
28 0.031246
6 0.009952
98 0.040317
111 0.054819
20 0.026657
42 0.021522
18 0.044230
34 0.079365
43 0.076011
75 0.082523
455 0.057307
29 0.045332
213 0.102002
39 0.072048
23 0.039052
338 0.086974
238 0.101765
18 0.056858
130 0.063640
56 0.061116
376 0.335254
14 0.014430
5 0.010391
17 0.028382
58 0.054969
162 0.107152
27 0.099472
7 0.012414
57 0.035167
25 0.021290
116 0.562861
88 0.216972
33 0.045546
193 0.574251
163 0.499465
180 0.474501
19 0.043845
109 0.242954
91 0.137013
33 0.038264
29 0.068207
803 0.259392
36 0.101636
74 0.044471
50 0.138085
332 0.090870
31 0.096156
51 0.019936
20 0.050066
29 0.022720
149 0.558111
23 0.035859
39 0.104846
32 0.052080
6 0.010702
366 1.111601
62 0.150361
40 0.059655
6 0.011060
79 0.161100
152 0.375546
51 0.067083
86 0.031276
98 0.100090
99 0.089951
25 0.046825
15 0.036687
38 0.066540
15 0.014543
20 0.014075
3 0.005814
14 0.015967
12 0.026364
11 0.016691
99 0.023706
40 0.030958
128 0.074584
78 0.087096
87 0.293630
703 0.583677
69 0.073909
9 0.032431
18 0.029268
100 0.063029
122 0.361594
13 0.019078
19 0.023607
19 0.029596
20 0.015154
79 0.155719
4 0.007762
4 0.006817
69 0.029465
1231 0.447780
9 0.018999
4 0.007837
151 0.119056
8 0.011237
10 0.011273
10 0.008010
42 0.021677
95 0.090794
11 0.035280
28 0.038561
6 0.013226
98 0.042715
111 0.043546
20 0.029605
42 0.021587
18 0.037556
34 0.074165
43 0.107903
75 0.058164
455 0.080612
29 0.052167
213 0.089467
39 0.051181
23 0.039426
338 0.078241
238 0.105768
18 0.061062
19 0.029063
20 0.019226
19 0.026166
14 0.015959
12 0.019139
87 0.293624
18 0.026270
19 0.035543
122 0.448361
13 0.019492
56 0.073592
376 0.318326
14 0.017671
116 0.612604
88 0.147397
180 0.528973
163 0.425265
803 0.283390
36 0.072809
74 0.051982
50 0.166537
109 0.174986
332 0.088495
20 0.042812
51 0.019964
91 0.139878
31 0.098044
33 0.043007
193 0.581383
33 0.043549
29 0.052506
15 0.039047
5 0.010058
40 0.019826
128 0.068462
78 0.098502
703 0.593267
86 0.029886
100 0.059903
9 0.029211
99 0.070767
38 0.071741
25 0.051193
25 0.016216
57 0.039407
3 0.008914
11 0.011896
15 0.011106
20 0.015046
69 0.080836
98 0.066888
130 0.066212
17 0.032773
58 0.049101
162 0.114061
27 0.066507
7 0.014059
99 0.021599
51 0.049261
152 0.409792
29 0.034646
149 0.541468
23 0.026658
39 0.105077
79 0.138216
32 0.055047
6 0.007598
366 1.062508
62 0.123266
40 0.097648
6 0.010626
41 0.102609
4 0.007462
4 0.007859
4 0.007855
69 0.025322
640 0.245169
4 0.012232
4 0.005819
27 0.053937
103 0.065229
32 0.052477
21 0.017314
132 0.458706
102 0.149897
173 0.335429
275 0.573975
147 0.754890
338 1.220354
394 1.469127
157 0.285113
10 0.014355
223 0.570202
174 0.292517
238 0.115460
63 0.171041
26 0.043303
41 0.121267
4 0.007832
4 0.007403
4 0.010085
69 0.026813
640 0.270090
4 0.012715
4 0.006795
27 0.070702
103 0.101626
32 0.063083
21 0.012777
132 0.569092
102 0.180521
173 0.272842
275 0.520225
147 0.631461
338 1.339802
394 1.424387
157 0.241937
26 0.036706
63 0.161972
223 0.537196
238 0.095410
10 0.023379
174 0.371775
154 0.074556
60 0.109595
4 0.013092
69 0.028592
161 0.509392
30 0.066019
71 0.141274
42 0.024371
78 0.058079
457 1.374575
371 0.556588
4 0.012699
31 0.077937
13 0.018862
13 0.024004
13 0.023860
13 0.022466
6 0.009119
85 0.350927
13 0.032239
64 0.140057
37 0.047350
25 0.035456
340 2.436625
52 0.033280
10 0.016863
70 0.085560
8 0.009119
91 0.069510
164 0.397164
262 0.592024
60 0.124299
4 0.006698
69 0.021759
161 0.369952
30 0.059843
71 0.160553
42 0.025051
78 0.058841
371 0.538425
164 0.408552
4 0.006277
31 0.065679
13 0.017841
13 0.016310
13 0.022017
262 0.552028
13 0.022037
70 0.118529
457 1.359091
13 0.029038
6 0.008560
85 0.238098
64 0.052845
37 0.039429
340 2.419937
25 0.039372
52 0.026770
91 0.064319
8 0.015353
10 0.014904
45 0.104319
4 0.006544
69 0.022459
157 0.474970
9 0.018827
14 0.024720
42 0.019264
70 0.034534
62 0.117680
93 0.047173
45 0.101509
4 0.009196
69 0.022037
157 0.517113
9 0.014516
14 0.020830
42 0.020055
70 0.029723
62 0.120317
93 0.033255
270 0.416810
4 0.010653
69 0.028307
266 0.399497
498 1.212813
40 0.019848
19 0.045246
241 0.422754
193 0.266623
39 0.043773
42 0.125984
46 0.016209
48 0.027401
109 0.180207
29 0.040119
12 0.017334
37 0.042882
544 2.723518
99 0.315604
31 0.099214
9 0.020165
50 0.023860
38 0.051143
90 0.039664
52 0.105283
52 0.135726
4 0.005494
145 0.145586
270 0.432254
4 0.013780
69 0.028063
266 0.601770
498 1.181654
40 0.020106
19 0.059728
544 2.752002
99 0.301519
31 0.069239
50 0.015058
9 0.016702
46 0.014242
42 0.082382
38 0.031078
90 0.024676
29 0.037525
145 0.119835
4 0.004738
12 0.010630
48 0.025266
37 0.027378
52 0.096853
52 0.092680
241 0.315451
193 0.337328
39 0.045920
109 0.139506
33 0.092194
4 0.007059
69 0.017182
103 0.344813
113 0.217905
133 0.131713
33 0.107277
4 0.009027
69 0.022851
103 0.475928
113 0.291303
133 0.114533
35 0.102146
69 0.022243
128 0.399404
116 0.384337
35 0.113195
69 0.022180
128 0.526448
116 0.357263
34 0.136155
4 0.008901
4 0.007962
69 0.025064
200 0.940566
82 0.177226
57 0.077684
31 0.024962
396 1.529081
82 0.034791
100 0.209130
7 0.008949
34 0.110385
4 0.008378
4 0.007805
69 0.024190
200 0.865674
82 0.168900
57 0.099296
31 0.019307
396 1.433715
82 0.024883
100 0.194756
7 0.012410
53 0.145296
4 0.009334
4 0.009492
69 0.041758
379 0.293153
195 0.742556
171 0.169004
227 0.158725
75 0.065361
38 0.043415
37 0.049752
37 0.036397
37 0.018826
46 0.056128
876 1.460078
457 0.237626
343 0.283535
16 0.030723
55 0.044334
10 0.011390
82 0.073558
51 0.069631
35 0.051005
3 0.006394
23 0.065457
15 0.006918
40 0.018173
23 0.061603
62 0.047982
253 0.467281
15 0.019287
20 0.011548
144 0.043748
30 0.068029
106 0.027469
170 0.064301
68 0.043682
26 0.057439
222 0.680754
89 0.052521
189 0.107917
339 1.384960
53 0.123074
4 0.007441
4 0.005951
69 0.018292
379 0.164529
195 0.769496
171 0.203711
227 0.158167
75 0.060545
38 0.058226
37 0.044810
37 0.038912
37 0.026513
46 0.048613
876 1.339944
457 0.197943
16 0.040815
10 0.012615
30 0.054810
23 0.066866
62 0.053790
40 0.020339
106 0.027783
170 0.058966
89 0.067322
82 0.037000
189 0.108809
55 0.071084
339 1.380458
23 0.077427
68 0.044194
26 0.048323
222 0.641521
253 0.458350
15 0.013576
20 0.014962
343 0.279334
144 0.065108
3 0.006349
15 0.008977
51 0.069640
35 0.026436
35 0.100679
69 0.019685
87 0.309278
270 0.183644
4 0.016686
35 0.166435
69 0.026035
87 0.392757
270 0.151001
4 0.012051
68 0.132303
69 0.022681
53 0.091613
9 0.016115
68 0.114983
11 0.016650
12 0.006157
55 0.096314
88 0.163011
16 0.030689
8 0.013188
10 0.009915
29 0.019694
29 0.022028
248 0.588594
52 0.127759
592 0.663098
437 0.174879
5 0.004993
97 0.145452
4 0.004354
31 0.010598
68 0.190045
69 0.026717
53 0.129173
9 0.011440
68 0.107507
11 0.017893
12 0.008478
55 0.074591
88 0.132360
16 0.020713
8 0.012560
437 0.217839
10 0.013408
5 0.007121
97 0.208197
4 0.007617
52 0.178053
592 0.795047
31 0.020901
29 0.021558
29 0.024419
248 0.506381
139 0.158922
43 0.139847
4 0.011391
69 0.042683
218 0.127355
9 0.037585
37 0.020969
18 0.032268
11 0.010014
15 0.015415
82 0.049911
24 0.047648
14 0.023863
3 0.005761
71 0.075016
14 0.023314
29 0.036717
43 0.103155
4 0.006570
69 0.017449
218 0.085318
9 0.017121
37 0.015829
18 0.024572
11 0.010492
15 0.015079
82 0.045834
24 0.033586
14 0.023759
29 0.040520
71 0.076456
14 0.023425
3 0.003988
42 0.099756
4 0.006753
69 0.019777
331 0.440871
17 0.117427
156 0.701120
42 0.099689
4 0.006638
69 0.017867
331 0.444071
17 0.065622
156 0.639119
41 0.108423
69 0.018909
496 0.494314
19 0.015861
19 0.015575
110 0.521802
50 0.096950
19 0.048842
169 0.180486
87 0.128305
309 0.655740
14 0.011610
35 0.041606
4 0.006371
146 0.150621
15 0.031054
35 0.050521
193 0.146060
83 0.148517
32 0.047400
47 0.059856
188 0.221989
10 0.008925
34 0.011556
246 0.162734
232 0.084058
11 0.018847
28 0.043908
72 0.083955
54 0.091293
55 0.120018
83 0.049773
50 0.080444
137 0.177709
75 0.149838
38 0.037483
31 0.031302
41 0.055149
41 0.109230
69 0.018914
496 0.358347
19 0.023231
19 0.018735
110 0.343054
50 0.079087
169 0.150267
19 0.039091
87 0.091886
309 0.798734
14 0.015235
35 0.048738
246 0.165428
232 0.086731
11 0.018740
28 0.041249
72 0.085212
54 0.101777
55 0.113455
83 0.056752
50 0.091096
137 0.203677
47 0.081496
75 0.155989
38 0.055740
41 0.063244
4 0.007022
31 0.032389
15 0.021101
35 0.037651
193 0.154305
83 0.158638
32 0.060584
188 0.221223
34 0.020097
146 0.165219
10 0.007223
20 0.162581
69 0.030997
37 0.108981
20 0.079652
69 0.024467
37 0.091285
43 0.097501
4 0.006450
4 0.006890
69 0.022440
352 0.791930
4 0.010449
26 0.032861
228 0.112472
43 0.101670
4 0.006871
4 0.007197
69 0.020497
352 0.743950
4 0.012911
26 0.032880
228 0.076957
30 0.087737
4 0.008985
69 0.017691
55 0.141355
177 0.102970
37 0.035651
334 1.453623
38 0.042618
6 0.005909
16 0.019489
27 0.037768
108 0.174290
59 0.157476
30 0.083252
4 0.006889
69 0.017025
55 0.165591
177 0.082987
37 0.030350
334 1.630373
38 0.058387
16 0.028689
6 0.007171
27 0.044116
108 0.178169
59 0.186359
29 0.085893
69 0.016648
82 0.211705
9 0.018511
29 0.104828
69 0.023015
82 0.322927
9 0.019224
44 0.128742
69 0.022153
119 0.160785
108 0.221456
12 0.023093
44 0.105913
69 0.017144
119 0.098567
108 0.178462
12 0.025328
58 0.149746
225 0.418756
4 0.009800
16 0.023575
16 0.015193
41 0.056215
52 0.057883
86 0.116715
12 0.014425
85 0.167896
12 0.024445
7 0.012518
35 0.051783
4 0.008715
4 0.005935
69 0.023543
119 0.316428
235 0.077744
35 0.135034
4 0.009372
4 0.006833
69 0.020849
119 0.315307
235 0.067007
57 0.158878
4 0.008816
69 0.026287
269 0.170432
11 0.018072
22 0.018329
350 0.171943
90 0.160131
65 0.244075
40 0.145432
19 0.033987
57 0.113978
4 0.006462
69 0.022376
269 0.108232
11 0.024304
22 0.021675
350 0.205362
90 0.120565
65 0.171792
40 0.080189
19 0.021719
30 0.109709
69 0.023979
63 0.257603
30 0.105616
69 0.023097
63 0.250390
32 0.089798
69 0.017646
43 0.114911
22 0.014184
221 0.082510
13 0.030323
32 0.088756
69 0.017318
43 0.126641
22 0.014786
221 0.070856
13 0.030262
28 0.082832
69 0.017244
43 0.130825
24 0.038381
101 0.149898
18 0.014918
28 0.084182
69 0.025318
43 0.131845
24 0.023524
101 0.148059
18 0.025710
357 2.022732
9 0.025705
692 0.467668
219 0.069444
38 0.104635
14 0.020795
33 0.047363
5 0.010678
37 0.029504
35 0.026354
788 1.457423
46 0.099573
67 0.155981
132 0.207210
66 0.078549
44 0.043473
14 0.019949
311 0.195377
3 0.008445
2 0.004392
129 0.270271
99 0.056305
10 0.015547
9 0.017094
22 0.035490
2 0.005228
10 0.017233
17 0.029197
44 0.077953
15 0.034505
59 0.045543
236 0.083742
40 0.081341
40 0.031511
31 0.066310
369 1.005045
17 0.044836
71 0.105479
4 0.008738
91 0.077440
77 0.079231
88 0.088299
86 0.064166
10 0.025554
602 0.171867
33 0.102187
26 0.059407
26 0.081770
56 0.134045
10 0.010006
44 0.075585
33 0.027746
8 0.015685
89 0.416427
31 0.084431
105 0.504004
296 2.212361
162 0.210311
120 0.062340
38 0.055561
35 0.035714
146 0.216850
14 0.025867
9 0.014544
33 0.072646
1 0.003864
36 0.058654
21 0.022204
10 0.014752
44 0.159243
10 0.011817
44 0.119009
10 0.015861
44 0.149806
10 0.012099
44 0.111806
10 0.017403
44 0.143816
10 0.015866
44 0.125680
10 0.012180
44 0.154591
10 0.011674
44 0.164009
10 0.017402
44 0.146613
10 0.012179
44 0.148386
10 0.015175
44 0.145079
10 0.015432
44 0.159902
10 0.011417
44 0.138936
10 0.015018
44 0.138368
10 0.017775
44 0.106688
10 0.030139
44 0.139915
10 0.018822
44 0.154990
10 0.014896
44 0.152425
10 0.012573
44 0.110848
10 0.010992
44 0.116606
10 0.013750
44 0.127712
10 0.016049
44 0.122321
10 0.018133
44 0.107083
10 0.011322
44 0.114552
10 0.015700
44 0.103301
10 0.010883
44 0.155621
20 0.020971
57 0.121244
28 0.079735
57 0.112747
57 0.091368
12 0.016299
47 0.093426
52 0.158587
15 0.016615
24 0.020875
68 0.112889
40 0.093771
54 0.113101
8 0.016230
42 0.071384
28 0.059853
63 0.144833
14 0.025867
14 0.030149
32 0.037703
13 0.027719
5 0.005742
45 0.067586
270 0.232407
27 0.055955
24 0.016059
17 0.015125
4 0.006557
116 0.283090
131 0.082914
36 0.038466
85 0.054131
4 0.010167
4 0.006796
69 0.024954
37 0.139810
4 0.009125
69 0.040776
401 0.860479
97 0.143241
82 0.087996
57 0.156354
86 0.062419
760 1.395690
26 0.037703
22 0.040117
4 0.006910
6 0.012770
37 0.115829
4 0.008598
69 0.022150
401 0.765195
97 0.143172
82 0.130237
57 0.143449
86 0.069897
760 1.507827
26 0.050156
22 0.036007
4 0.006693
6 0.013433
46 0.128836
69 0.023751
132 0.341958
32 0.024196
49 0.048701
163 0.189863
9 0.040118
200 0.061459
64 0.166902
7 0.025563
7 0.024169
24 0.073313
25 0.062030
54 0.024239
23 0.025717
27 0.016923
139 0.089111
8 0.010921
36 0.037609
8 0.007244
54 0.130049
46 0.104784
69 0.017810
132 0.294378
32 0.020788
49 0.044757
163 0.169571
9 0.021159
200 0.054471
64 0.236862
7 0.062383
7 0.021577
24 0.054731
25 0.065489
54 0.023127
139 0.114358
36 0.032297
8 0.007495
54 0.113322
27 0.013626
8 0.010387
23 0.018343
29 0.085519
69 0.018102
69 0.156160
29 0.088088
69 0.018362
69 0.175779
30 0.085422
69 0.017939
186 0.480012
4 0.009029
30 0.105955
69 0.038821
186 0.772136
4 0.012551
17 0.071647
3 0.035409
103 0.217769
5 0.059892
18 0.036889
8 0.067030
2 0.037797
89 0.130336
23 0.047517
63 0.091512
40 0.129938
43 0.049528
28 0.068269
33 0.023973
68 0.082621
24 0.022995
16 0.016652
22 0.062651
19 0.094798
25 0.051474
24 0.047724
11 0.095479
27 0.102478
171 0.271019
297 0.106855
123 0.122296
306 0.848303
4 0.010670
45 0.062641
10 0.008318
6 0.004889
146 0.088901
391 0.292260
103 0.261659
52 0.062808
178 0.481080
86 0.093761
4 0.008763
45 0.065678
10 0.008601
6 0.004286
146 0.085919
230 0.209858
103 0.140687
52 0.074396
48 0.073107
29 0.032384
39 0.117543
5 0.035794
3 0.003923
19 0.044386
15 0.044149
15 0.009347
13 0.007869
13 0.007539
15 0.008389
15 0.007809
17 0.011963
17 0.010571
17 0.008929
17 0.012433
83 0.196425
11 0.109874
11 0.039264
11 0.073323
10 0.025449
11 0.036383
11 0.024342
11 0.063515
11 0.033246
11 0.053850
11 0.035540
11 0.022652
11 0.029586
11 0.030848
15 0.042543
15 0.036662
59 0.163802
69 0.129321
31 0.082618
8 0.010141
59 0.150503
8 0.015833
5 0.044627
52 0.025395
3 0.005021
622 0.391667
41 0.111981
200 0.131186
185 0.153705
6 0.009366
27 0.053204
10 0.013732
7 0.025633
23 0.098656
11 0.061228
11 0.032161
14 0.052560
14 0.014608
45 0.059197
45 0.070470
41 0.134538
5 0.007782
46 0.112777
5 0.038186
53 0.094573
5 0.036305
8 0.005987
40 0.065647
36 0.207924
9 0.050681
9 0.037658
71 0.120339
8 0.008465
34 0.080179
42 0.046228
20 0.010194
14 0.011421
20 0.014564
35 0.097362
81 0.193291
40 0.084454
39 0.106910
9 0.010909
166 0.101077
50 0.092740
52 0.066574
13 0.058649
140 0.140025
83 0.160722
12 0.060452
5 0.054941
23 0.050993
60 0.081661
3 0.008324
49 0.059646
63 0.106389
71 0.090656
100 0.179799
80 0.151025
70 0.108484
43 0.049108
251 0.947160
48 0.085096
35 0.022328
173 0.051413
65 0.120147
19 0.014138
33 0.036000
79 0.023582
11 0.011480
15 0.011010
15 0.014392
5 0.007978
17 0.056097
13 0.027375
51 0.178671
135 0.086732
11 0.017361
70 0.243910
44 0.122816
29 0.112549
26 0.124123
49 0.232284
22 0.090185
12 0.023562
5 0.043487
52 0.177252
36 0.054410
116 0.237652
133 0.146593
49 0.089208
52 0.088775
111 0.281857
19 0.068741
180 0.304990
69 0.050569
191 0.234684
31 0.041544
69 0.199728
19 0.073609
2703 1.219209
23 0.035200
23 0.034979
18 0.015754
5 0.054355
45 0.107668
41 0.099241
130 0.091655
11 0.009181
91 0.284169
24 0.039484
11 0.056026
59 0.129374
8 0.038857
128 0.068376
18 0.014604
141 0.169352
361 1.912695
28 0.073215
63 0.103393
70 0.086915
26 0.036505
177 0.580505
136 0.261984
47 0.101161
36 0.036910
27 0.024462
151 0.404091
19 0.027157
29 0.034057
793 4.559137
119 0.155246
165 0.287928
860 0.246048
55 0.080426
68 0.112337
21 0.050741
96 0.182550
58 0.127923
35 0.048569
150 0.401045
14 0.014654
30 0.029677
121 0.098524
17 0.009868
20 0.013900
28 0.045151
15 0.037254
107 0.080636
41 0.044585
23 0.014346
46 0.122017
46 0.113402
16 0.055175
23 0.064843
319 0.531874
2 0.032052
5 0.044546
5 0.008640
135 0.316230
25 0.114556
33 0.062774
23 0.056778
14 0.008794
41 0.047401
42 0.037581
14 0.015433
6 0.038187
6 0.005013
6 0.004314
53 0.038532
69 0.071094
39 0.077097
54 0.112842
28 0.041571
42 0.043003
64 0.126644
66 0.072357
63 0.143925
28 0.032379
6 0.010193
110 0.219144
13 0.012030
8 0.007561
74 0.106607
40 0.065663
95 0.083177
120 0.175127
155 0.095540
154 0.177602
172 0.051767
141 0.413787
25 0.028945
25 0.018969
137 0.024859
26 0.045716
41 0.019120
18 0.012228
43 0.110455
5 0.006422
11 0.012766
47 0.059442
50 0.055052
47 0.088341
76 0.107135
620 4.405431
32 0.036094
87 0.025791
23 0.032521
129 0.092543
6 0.008801
36 0.072966
7 0.007704
62 0.056924
52 0.099620
84 0.181366
117 0.170579
84 0.178434
117 0.165775
51 0.100214
37 0.111277
42 0.054076
20 0.014188
15 0.017203
85 0.213849
51 0.129392
47 0.057218
33 0.085466
47 0.106910
140 0.121213
6 0.055700
8 0.013726
115 0.231332
7 0.011718
18 0.060804
28 0.061622
44 0.018152
26 0.058566
49 0.159207
58 0.114932
47 0.092245
28 0.026544
19 0.083450
59 0.082462
15 0.014282
168 0.431783
18 0.013668
46 0.062777
16 0.065521
45 0.076033
258 1.561847
28 0.024659
45 0.039611
27 0.021095
64 0.098145
307 0.217358
83 0.095137
59 0.097515
530 0.174883
412 0.140955
181 0.226061
10 0.052904
203 0.159820
159 0.567388
12 0.013288
40 0.077495
26 0.050739
33 0.054965
8 0.014708
91 0.101350
1853 1.577603
80 0.077467
9 0.010995
191 1.006344
14 0.025427
62 0.124024
202 0.499531
41 0.142940
64 0.132003
72 0.097387
32 0.087181
242 0.594452
22 0.029439
160 0.367496
279 0.626217
6 0.100716
10 0.022198
2320 0.906058
19 0.023595
142 0.081979
111 0.146009
34 0.034994
22 0.021740
13 0.015160
35 0.035886
15 0.012977
364 0.701031
4 0.009707
31 0.014361
17 0.012853
167 0.255912
580 0.416511
129 0.062248
4 0.006661
31 0.044053
14 0.050916
163 0.314477
114 0.219894
73 0.088930
53 0.143203
83 0.059299
52 0.073833
20 0.014168
22 0.062661
2503 0.780744
26 0.044298
26 0.025714
18 0.010476
30 0.061632
92 0.083219
37 0.030799
177 0.292373
33 0.036722
29 0.031620
40 0.030312
74 0.076655
32 0.022591
6 0.008611
51 0.123837
45 0.074645
8 0.048518
8 0.012593
84 0.143299
48 0.077478
57 0.142237
50 0.141228
12468 1.409787
3091 0.723017
259 0.542942
127 0.300593
30 0.015950
237 0.878717
1496 12.978122
16 0.024850
15 0.025647
118 0.143080
5 0.008030
17 0.020117
36 0.054675
16838 3.393476
93 0.135106
1039 4.206742
60 0.088451
21 0.027485
65 0.053389
204 0.407608
90 0.222424
68 0.289655
25 0.035439
20 0.022486
29 0.034336
281 1.072356
4 0.010292
79 0.163361
37 0.083198
43 0.044931
58 0.134642
156 0.684073
119 0.108517
222 0.335821
76 0.062700
41 0.108969
605 0.517029
30 0.070715
50 0.073125
1521 12.808873
1 0.035767
1 0.002904
54 0.132499
41 0.108059
324 0.069720
185 1.253566
33 0.063028
20 0.070524
23 0.074808
12 0.015219
15 0.018698
49 0.041216
20 0.023242
31 0.061402
50 0.106604
1270 0.442707
11 0.016065
85 0.195463
46 0.041024
8 0.010418
170 0.405709
11 0.012649
5 0.006781
8 0.008994
13 0.017249
13 0.015227
16 0.019149
8 0.011644
11 0.011518
15 0.023237
8 0.009151
5 0.006719
8 0.008242
18 0.030285
14 0.013155
21 0.039693
11 0.014972
14 0.019071
11 0.016311
8 0.010708
8 0.011293
5 0.006554
53 0.109702
407 0.609144
24 0.021505
8 0.007919
550 0.329438
18 0.064576
18 0.051512
6 0.006957
136 0.057989
5 0.008527
9 0.013355
19 0.020568
21 0.056133
21 0.022789
124 0.249496
9 0.011688
5 0.011827
99 0.048762
26 0.016973
5 0.008378
14 0.010576
20 0.013024
71 0.251994
21 0.017969
193 0.348047
9 0.012880
9 0.007197
24 0.041988
52 0.090201
101 0.121009
22 0.031475
23 0.041484
160 0.101139
8 0.040235
49 0.167016
8 0.015614
9 0.081339
126 0.073238
18 0.026385
15 0.015395
122 0.065916
21 0.080881
96 0.214854
317 0.947344
189 0.228965
40 0.110884
56 0.045690
62 0.151092
51 0.179586
221 0.467960
9 0.015398
72 0.182899
514 0.230629
122 0.501227
68 0.249867
37 0.049322
191 0.479851
83 0.257990
1020 0.243976
18 0.037255
308 2.049893
21 0.028162
26 0.045052
160 0.801459
29 0.041418
48 0.043764
47 0.096826
54 0.050347
26 0.019760
348 1.275189
157 0.842776
46 0.055212
23 0.038062
81 0.089504
271 1.232563
202 0.387232
247 0.042629
86 0.090629
105 0.332585
819 0.240383
85 0.118510
243 0.091517
71 0.067919
17 0.024466
152 0.726539
22 0.031583
808 1.087920
140 0.367714
29 0.039971
138 0.698629
91 0.112101
8 0.010441
588 2.977306
115 0.269585
121 0.556903
640 0.528802
123 0.146439
200 0.107324
409 0.097656
241 0.679987
15 0.014654
122 0.197083
323 1.800899
27 0.040649
31 0.040870
931 4.511078
25 0.029842
28 0.030849
46 0.079185
134 0.395120
131 0.172275
16 0.025718
99 0.147148
103 0.140231
34 0.050973
72 0.124535
138 0.295659
84 0.048139
94 0.158855
67 0.119563
177 0.447893
70 0.029969
90 0.089653
149 0.437905
241 0.401462
77 0.134525
42 0.050227
265 0.059096
33 0.062704
359 1.837547
315 0.892458
164 0.276619
88 0.066274
65 0.063761
61 0.073991
69 0.161683
66 0.163194
100 0.360281
37 0.053850
53 0.105362
252 0.513524
45 0.068457
143 0.332117
208 0.462487
124 0.525335
83 0.168492
917 1.573295
431 0.380969
57 0.161918
225 0.201094
88 0.115857
264 0.091785
15 0.021610
137 0.365702
98 0.121683
15 0.012652
90 0.095403
386 0.260221
159 0.690791
120 0.265920
190 0.133773
61 0.090554
104 0.190809
437 1.454734
250 0.558215
64 0.129531
86 0.240479
69 0.220300
60 0.062978
529 0.790797
90 0.182634
184 0.405019
114 0.026979
259 0.233109
205 0.032479
138 0.515762
91 0.210883
167 0.313677
419 1.878842
157 0.726305
5 0.010288
289 0.163053
638 0.192984
577 0.119245
6 0.010794
28 0.023649
6 0.007664
16 0.012405
10 0.010102
78 0.228372
31 0.028339
127 0.031959
90 0.041492
148 0.319639
160 0.313535
90 0.025557
294 0.608884
304 0.284948
334 1.249724
182 0.052023
106 0.359689
69 0.148817
201 0.644969
67 0.191592
45 0.045231
133 0.360606
77 0.109578
373 2.243832
122 0.283266
224 0.261902
6 0.008641
24 0.064745
42 0.137163
42 0.123512
8 0.061219
105 0.153846
31 0.103620
22 0.056830
17 0.022375
243 0.124067
39 0.109048
20 0.022544
32 0.049298
6 0.041052
15 0.033443
123 0.483368
92 0.164344
101 0.068273
29 0.076789
121 0.037458
15 0.024550
5 0.051905
5 0.007239
3 0.003818
7 0.006282
7 0.006118
7 0.005178
7 0.005301
5 0.004832
5 0.018278
5 0.005216
5 0.005706
5 0.061043
3 0.009937
5 0.010903
5 0.013207
9 0.011199
7 0.007009
7 0.007092
7 0.007615
7 0.006904
7 0.007122
7 0.006867
5 0.005909
5 0.006276
5 0.005654
11 0.010728
5 0.005799
7 0.007670
147 0.114673
147 0.061174
147 0.074579
147 0.054621
24 0.141878
22 0.074608
68 0.162340
34 0.079673
29 0.043261
44 0.061895
8 0.010998
18 0.011277
93 0.081398
3428 3.294785
80 0.085587
9 0.011626
191 0.707978
14 0.025383
46 0.122791
46 0.038580
33 0.074292
8 0.013444
18 0.011427
33 0.037154
10 0.035693
91 0.086260
10 0.015603
8 0.012612
92 0.126788
8 0.014390
14 0.020986
184 0.625519
14 0.025160
6994 7.286526
9 0.013600
46 0.104310
46 0.019681
33 0.065147
8 0.034409
34 0.019320
33 0.037313
10 0.016641
94 0.127752
10 0.016635
8 0.012401
92 0.090174
8 0.017793
14 0.030274
184 0.610383
14 0.023270
8936 7.214962
9 0.012278
7 0.049651
14 0.062919
135 0.179336
87 0.194007
3 0.039704
1 0.002439
7 0.048572
7 0.007815
7 0.007003
3 0.005894
11 0.026035
11 0.013990
11 0.012461
10 0.007532
6 0.005193
11 0.055148
11 0.016817
193 0.120903
216 0.128281
79 0.262458
8 0.053839
535 1.252403
143 0.355494
31 0.101995
26 0.078231
14 0.054020
535 1.224222
143 0.380674
135 0.417404
9 0.015490
28 0.075176
17 0.017674
7 0.009838
22 0.012912
14 0.022057
14 0.017009
62 0.189758
15 0.017483
22 0.036359
49 0.234051
58 0.201094
147 0.468947
35 0.059037
55 0.084953
64 0.045635
2 0.007293
25 0.034283
12 0.017885
22 0.026993
14 0.044441
61 0.081194
24 0.040743
15 0.011343
305 0.393841
250 0.990577
102 0.196070
111 0.306887
51 0.117582
51 0.118922
129 0.266365
15 0.040552
15 0.018548
20 0.047826
22 0.063355
59 0.301741
280 0.629602
14 0.069547
502 0.789427
14 0.015153
20 0.012065
11 0.065698
377 0.177806
124 0.325774
109 0.107583
8 0.016561
171 0.072140
2078 0.307591
14 0.052546
45 0.122899
238 0.922884
32 0.047950
57 0.079499
22 0.043864
8 0.019333
171 0.861511
41 0.107728
18 0.081665
5 0.045738
16 0.083381
1 0.032931
12 0.071925
91 0.095948
20 0.033237
84 0.102649
20 0.034800
27 0.153502
37 0.062504
14 0.070749
23 0.110029
68 0.074786
16 0.080388
16 0.029765
19 0.029206
32 0.070226
59 0.276411
5 0.011512
8 0.009271
7 0.016702
20 0.032726
10 0.013215
8 0.013360
31 0.136936
25 0.079566
33 0.123262
35 0.094977
16 0.072975
24 0.064730
19 0.021948
27 0.081930
17 0.091822
18 0.067532
12 0.022280
16 0.023840
14 0.027752
29 0.130115
20 0.035740
23 0.065594
16 0.089876
55 0.068286
234 0.175347
37 0.046211
23 0.044249
19 0.063213
60 0.098229
234 0.194325
37 0.046277
23 0.030396
55 0.065953
265 0.204805
26 0.027261
23 0.036330
265 0.192246
26 0.027388
23 0.025959
19 0.073846
5 0.010158
16 0.055568
5 0.006582
15 0.022450
62 0.130951
125 0.033624
39 0.058494
