0.133399
0.019314
0.215961
0.013182
0.011674
0.098005
0.009024
0.106194
0.155381
0.030419
0.009241
0.014002
0.020499
0.025827
0.569527
0.129207
0.536132
0.239104
0.010538
0.169800
0.006293
0.017519
0.113099
0.017892
0.076888
0.170040
0.022952
0.083317
0.094859
0.043360
0.038078
0.120772
0.022683
0.163178
0.209116
0.012408
0.022744
139.125154
0.023841
0.006530
0.018818
0.033029
0.140708
0.029477
0.013022
0.005104
0.136737
0.008859
0.043570
0.149731
0.020869
0.006563
0.088052
0.312417
0.076947
1.167609
0.022748
0.258614
0.060861
0.108914
0.115708
0.007111
0.018422
0.130389
0.020448
0.004941
0.123843
0.323099
0.059424
1.311101
0.022336
0.338101
0.037994
0.108297
0.060601
0.050937
0.032265
0.033000
0.058008
0.015996
0.139177
0.180950
0.011467
0.016585
140.757867
0.015463
0.020069
0.007389
0.018696
0.030957
0.004713
0.206635
0.022053
0.115427
0.024827
0.007769
0.020716
0.641900
0.035785
0.075473
0.205156
0.096638
0.006961
0.005883
0.021386
0.530712
0.047460
0.069285
0.267349
0.114779
0.008922
0.008026
0.024822
0.761814
0.052778
0.079942
0.225992
0.094163
0.006830
0.005738
0.017453
0.464166
0.050182
0.090607
0.230425
0.152802
0.035078
0.025188
0.410868
0.080865
0.080936
0.097041
0.006407
0.017333
0.300330
0.086445
0.064206
0.116132
0.006599
0.008202
0.021266
0.607906
0.012915
0.008714
0.036905
0.054701
0.039907
0.009597
0.153278
0.008865
0.010287
0.032855
0.051350
0.095428
0.012899
0.124241
0.007584
0.034603
0.041747
0.010958
0.122303
0.005899
0.012596
0.049176
0.012415
0.146106
0.046197
0.153088
0.007201
0.019743
0.110071
0.012981
0.381825
0.041950
0.094076
0.013478
0.029333
0.254471
0.179661
0.010576
0.008681
0.027308
0.788655
0.010020
0.009957
0.026382
0.038509
0.045587
0.011732
0.182367
0.008632
0.009725
0.034793
0.026672
0.112932
0.009465
0.095245
0.004985
0.034761
0.041611
0.011974
0.179728
0.006573
0.017044
0.035777
0.012932
0.159680
0.054300
0.099668
0.008413
0.027417
0.115017
0.011173
0.358158
0.048297
0.071301
0.279785
0.010142
0.028203
0.120992
0.008733
0.022681
0.226007
0.065154
0.012259
0.097750
0.135326
0.069355
0.046682
0.100833
0.006488
0.017268
0.157314
0.051543
0.113839
0.017461
0.134763
0.059046
0.040768
0.162823
0.008635
0.041834
0.476086
0.009057
0.118672
0.961761
0.064642
0.346267
0.108825
0.006686
0.017460
0.420049
0.009019
0.156156
0.901922
0.055546
0.398835
0.111686
0.018112
0.061912
0.037702
0.009491
0.009963
0.029568
0.029631
0.537869
1.009910
0.205866
0.750451
0.127056
0.111915
0.017625
0.079349
0.053881
0.125631
0.022210
0.147229
0.140763
1.415930
0.052063
0.035541
0.100303
0.017938
0.127112
0.152422
1.742348
0.043771
0.041431
0.041618
0.017390
0.027437
0.024302
0.456816
1.193434
0.278875
0.726445
0.111034
0.042354
0.017788
0.028415
0.018744
0.495097
1.072988
0.234096
0.839122
0.106285
0.116710
0.022691
0.067753
0.117117
0.022692
0.060406
0.146294
0.023174
0.624668
0.014547
0.027371
0.005761
0.005608
0.051028
0.011453
0.005215
0.103005
0.017614
0.475818
0.018804
0.039427
0.006126
0.005758
0.071763
0.011691
0.004264
0.086853
0.017973
0.214024
0.123644
0.105984
0.022812
0.182587
0.205231
0.202614
0.026841
0.509463
0.052438
0.169224
0.174548
0.112872
0.017818
0.413217
0.071171
0.183364
0.152090
0.266828
0.018290
0.008322
0.015454
0.265994
0.014784
0.009223
0.008370
0.069730
0.176922
1.071601
0.023006
0.022955
0.017816
0.031482
0.210783
0.208768
0.111523
0.052440
0.054662
0.180055
0.071528
0.040587
0.043583
0.266556
0.026482
0.051028
1.449981
0.018703
0.007823
0.046973
0.013398
0.057056
0.026412
0.013509
0.095013
1.189670
0.059703
0.015138
0.153155
0.109624
0.088724
0.016200
0.075788
0.032358
0.116189
0.026695
0.060714
0.121862
0.090929
0.017417
0.047389
0.081765
0.060754
0.015517
0.016512
0.103403
0.012661
0.009010
0.041227
0.004903
0.290088
0.015686
0.009066
0.016661
0.228658
0.010964
0.013976
0.010910
0.074272
0.245254
1.056186
0.040334
0.188884
0.240322
0.121314
0.048812
0.054007
0.163725
0.079273
0.062873
0.043983
0.255935
0.020119
0.034663
0.052611
1.420768
0.016115
0.009947
0.018441
0.023181
0.016068
0.079771
0.021267
0.013149
0.097890
1.322416
0.048028
0.083258
0.174728
0.090646
0.017209
0.013537
0.133103
0.031436
0.016988
0.019500
0.012097
0.018143
0.144236
0.017543
0.009863
0.038875
0.004808
0.120286
0.012198
0.013216
0.025253
0.135046
0.061568
0.198518
0.007286
0.293846
0.198009
0.116916
0.074675
0.025786
0.003614
0.090909
0.243785
0.130232
0.019970
0.189513
0.022071
0.151337
0.009105
0.011940
0.019396
0.125336
0.036046
0.150191
0.008552
0.256624
0.165473
0.117812
0.071020
0.062572
0.006518
0.017791
0.117526
0.067438
0.050615
0.351041
0.084974
0.044108
0.035050
0.070180
0.013603
0.063454
0.574069
0.205312
0.039132
0.017633
0.135178
0.086816
0.028444
0.201552
0.043408
0.060603
0.181532
0.056778
0.086629
0.009000
0.007428
0.008427
0.012087
0.004727
0.043101
0.018438
0.130501
0.051554
0.085369
0.195509
0.021023
0.082210
0.052639
0.022568
0.088738
0.009616
0.021949
0.046148
0.004462
0.300720
0.076772
0.033332
0.033912
0.071950
0.011409
0.065518
0.007797
0.023308
0.011224
0.089568
0.040341
0.034844
0.023743
0.115870
0.233548
0.020699
0.061505
0.039755
0.581614
0.116135
0.039808
0.016637
0.116254
0.120263
0.065055
0.048198
0.074174
0.036426
0.220975
0.028107
0.062752
0.188382
0.037818
0.017357
0.078624
0.009196
0.010700
0.006102
0.016397
0.007797
0.056406
0.119607
0.008343
0.007825
0.022798
0.489725
0.148514
0.021611
0.046210
0.164307
0.011605
0.009464
0.026787
0.005929
0.509631
0.010531
0.033816
0.032108
0.130201
0.008068
0.133132
0.008730
0.009014
0.040635
0.620124
0.157115
0.018275
0.031378
0.130936
0.028212
0.007561
0.005828
0.131560
0.150031
0.009681
0.024559
1.143901
0.012977
0.108338
0.021422
0.010326
0.240023
0.030695
0.025894
1.186538
0.028656
0.123463
0.022011
0.010087
0.158819
0.026880
0.681650
0.042203
0.021989
0.196579
0.135183
0.128544
0.062899
0.057315
0.039918
0.325072
0.531173
0.009707
0.027340
0.059435
0.025460
0.025217
0.076161
0.015557
0.088841
1.016200
0.331820
0.011924
0.035790
0.060245
0.022696
0.224788
0.042990
0.081768
0.084946
0.071987
0.045944
0.061265
0.005836
0.030182
0.017598
0.070777
0.044347
0.025261
0.010857
0.164443
0.032851
0.089109
0.321453
0.007471
0.081289
0.007876
0.005339
0.159799
0.024749
0.628303
0.032371
0.033482
0.256088
0.152896
0.088532
0.042520
0.047511
0.029354
0.275697
0.525005
0.009782
0.007729
0.005792
0.010971
0.223383
0.026428
0.084123
0.296610
0.010069
0.064123
0.027343
0.025141
0.035219
0.085458
0.050359
0.018172
0.019970
0.923375
0.252298
0.015420
0.036982
0.052264
0.021222
0.280503
0.044245
0.086886
0.081703
0.085032
0.047116
0.067493
0.031950
0.049103
0.070402
0.012577
0.004123
0.082086
0.147142
0.009532
0.012165
0.010194
0.025496
0.203433
0.022642
0.011285
0.120672
0.065761
0.096147
0.048358
0.032407
0.482028
0.058004
0.058982
0.058120
0.030581
0.012114
0.024690
0.245515
0.208066
0.120980
0.005748
0.020857
0.022623
0.032928
0.007242
0.131332
0.026750
0.121993
0.014287
0.011237
0.007855
0.115023
0.237446
0.126252
0.078811
0.039408
0.188673
0.012168
0.013337
0.010156
0.031270
0.246787
0.017322
0.012044
0.125042
0.099233
0.091973
0.048125
0.031542
0.542666
0.041472
0.053054
0.011404
0.016966
0.018665
0.032193
0.007174
0.188032
0.163299
0.086138
0.092057
0.020428
0.013413
0.009270
0.049456
0.066795
0.025670
0.023550
0.026800
0.246836
0.153806
0.149198
0.006560
0.159788
2.090889
0.017084
0.312912
0.075516
0.090124
0.018415
0.048871
0.010224
0.021642
0.025925
1.744596
0.075246
0.136294
0.180242
0.085845
0.056201
0.015009
0.156310
0.009254
0.003424
0.277235
0.074219
0.021209
0.017952
0.028863
0.004296
0.012242
0.024582
0.103760
0.029632
0.064469
0.081654
0.094596
0.030764
0.055123
1.177874
0.045651
0.083741
0.007513
0.073729
0.083018
0.063729
0.090992
0.024588
0.152118
0.100801
0.083570
0.071765
0.124930
0.010219
0.065810
0.024233
0.011304
0.378035
0.082187
0.422541
1.871465
0.255623
0.048535
0.039937
0.034230
0.320135
0.024053
0.015537
0.080744
0.003064
0.044672
0.019702
0.016341
0.117124
0.017422
0.154203
0.016496
0.119425
0.017414
0.124831
0.011664
0.110110
0.015459
0.165195
0.017388
0.127286
0.011796
0.163852
0.018685
0.142788
0.012466
0.155748
0.017692
0.155932
0.012841
0.154485
0.015504
0.176389
0.011217
0.116743
0.017009
0.116504
0.015247
0.113423
0.016583
0.156040
0.018742
0.129204
0.018024
0.162515
0.018121
0.166003
0.012639
0.110325
0.016647
0.239753
0.012961
0.162479
0.015836
0.150385
0.013667
0.157635
0.016498
0.123997
0.033657
0.110983
0.059501
0.097950
0.106594
0.017467
0.091654
0.149229
0.018425
0.024168
0.146575
0.071574
0.135339
0.012436
0.083279
0.048108
0.133315
0.023459
0.030124
0.041325
0.029051
0.006398
0.084742
0.202345
0.049138
0.021163
0.011828
0.004904
0.275957
0.086940
0.052212
0.052166
0.008382
0.008964
0.025458
0.109179
0.038080
1.199242
0.059938
0.125374
0.094063
0.444655
0.121592
0.006531
0.107970
0.020314
1.027349
0.044782
0.107663
0.089818
0.371161
0.109288
0.008545
0.097810
0.018005
0.169458
0.094919
0.017154
0.246019
0.138774
0.008950
0.011581
0.028706
0.024142
0.270871
0.013178
0.189027
0.063291
0.016978
0.018571
0.012111
1.699326
0.034382
0.098453
0.022940
0.009800
0.080332
0.034692
0.113622
0.006788
0.008169
0.008216
0.024277
0.197366
0.008707
0.146721
0.055815
1.273585
0.033374
0.074346
0.025636
0.010911
0.104478
0.024659
0.026125
0.023754
0.009848
0.089253
0.019846
0.929011
0.056043
0.129351
0.024563
1.057725
0.040175
0.118227
0.006832
0.018580
0.142420
0.021294
0.021975
0.024874
0.044098
0.117765
0.705837
0.043076
0.044867
0.028988
0.025449
0.177854
0.411834
0.038330
0.088053
0.144159
0.107196
0.076983
0.180877
0.010503
0.044908
0.219302
0.021611
0.016313
0.024563
0.044505
0.085563
0.744433
0.052620
0.030840
0.023856
0.018404
0.140301
0.382284
0.053106
0.077652
0.077481
0.114078
0.188273
0.600085
0.008596
0.017743
0.021621
0.088869
0.076754
0.099728
0.019420
0.198453
0.024994
0.014828
0.191601
0.588955
0.012917
0.024171
0.019664
0.067538
0.086595
0.101969
0.015347
0.175724
0.025072
0.009935
0.050389
0.009987
0.008724
0.020068
0.077549
0.064553
0.089042
0.006564
0.005897
0.018594
0.061576
0.072745
0.165689
0.024297
0.206987
0.017625
0.075474
0.004540
0.045638
0.097523
0.040023
0.019808
0.070713
0.032733
0.033215
0.010754
0.006744
0.005098
0.250192
0.078259
0.040306
0.032059
0.022519
0.131091
0.086797
0.036763
0.026243
0.007721
0.016233
0.042858
0.044521
0.050904
0.086085
0.309296
0.067145
0.019130
0.025433
0.015304
0.098918
0.073024
0.196768
0.081530
0.018186
0.007292
0.126451
0.018557
0.158903
0.034244
0.051412
0.004014
0.046076
0.098744
0.019577
0.016362
0.067575
0.047316
0.022984
0.015114
0.212673
0.091238
0.050507
0.056986
0.105402
0.084356
0.028379
0.026524
0.059379
0.058014
0.034096
0.052248
0.311541
0.072002
0.024715
0.017450
0.096511
0.060094
0.206431
0.122008
0.019916
0.007623
0.018126
0.011873
0.013576
0.022603
0.006016
0.006762
0.053018
0.002830
0.064417
0.111380
0.025524
0.334920
0.033527
0.047107
0.010682
0.027178
0.302675
0.040715
0.141186
0.148487
0.060709
0.772345
0.947747
0.060078
0.810293
0.421985
1.246950
0.325340
0.543587
0.211864
0.234485
0.235567
0.083789
0.064351
0.074270
0.051876
0.785662
0.050463
0.021267
0.095088
0.017805
0.276278
0.018293
0.033806
0.007858
0.020065
0.223572
0.041453
0.128080
0.175910
0.054094
0.023237
0.680201
0.971748
0.066616
0.853692
0.449511
0.200702
0.047959
0.601491
0.059301
0.742060
0.256537
0.095160
0.063849
1.482886
0.132247
0.323827
0.202979
0.097027
0.043714
0.139101
0.094548
0.031822
0.121051
0.070919
0.096503
0.006325
0.005776
0.021091
0.708207
0.060833
0.023347
0.123820
0.416962
0.104343
0.032221
0.043577
0.096265
0.026423
0.089145
0.178644
0.188650
0.156800
0.033125
0.107392
0.111801
0.079664
0.038278
0.111564
0.008831
0.008197
0.025233
0.975133
0.071948
0.034252
0.127210
0.408001
0.115088
0.023446
0.038825
0.219403
0.143519
0.125991
0.028372
0.096301
0.157702
0.092291
0.062152
0.234378
0.048125
0.025723
0.087824
0.006719
0.005726
0.020875
0.070588
0.535693
0.078002
0.007719
0.127386
0.009011
0.008075
0.025362
0.102601
0.569635
0.081576
0.004672
0.279174
0.147220
0.026298
0.209189
0.020807
0.368680
0.020921
0.007882
0.017913
0.405164
0.014767
0.011330
0.011167
0.093029
0.253543
1.092300
0.020094
0.023363
0.012553
0.038860
0.212210
0.239830
0.149056
0.055391
0.049267
0.228868
0.061261
0.044028
0.042664
0.200533
0.026845
0.053438
1.477636
0.017713
0.008423
0.028799
0.010060
0.069632
0.025168
0.012611
0.090954
1.313009
0.059105
0.014067
0.153094
0.109202
0.065652
0.016496
0.071438
0.028080
0.066749
0.013776
0.020523
0.137938
0.025464
0.025252
0.053366
0.012866
0.063636
0.003979
0.076874
0.186289
0.102178
0.023127
0.141560
0.022300
0.113605
0.007697
0.009459
0.020165
0.146336
0.034345
0.009884
0.059984
0.007049
0.060260
0.199238
0.042768
0.035025
0.146115
0.091544
0.037780
0.010840
0.016239
0.006574
0.095764
0.084497
0.094476
0.067813
0.136104
0.074264
0.093876
0.044545
0.087942
0.332310
0.035874
0.010197
0.015691
0.331124
0.015767
0.008939
0.011787
0.075371
0.226061
1.099477
0.039843
0.220095
0.174452
0.180111
0.058852
0.059172
0.239556
0.088740
0.062412
0.047560
0.304666
0.016213
0.022803
0.049429
1.116915
0.015429
0.010907
0.016491
0.030760
0.014949
0.058961
0.030352
0.022958
0.100598
1.243227
0.058291
0.072355
0.148498
0.079202
0.016068
0.013516
0.110610
0.036647
0.017521
0.025853
0.011996
0.024067
0.143520
0.016945
0.010259
0.037656
0.006669
0.020834
0.002916
0.091548
0.203222
0.099465
0.020860
0.186107
0.020362
0.076254
0.010903
0.008955
0.017810
0.135887
0.061226
0.008568
0.068051
0.009040
0.043559
0.185275
0.069211
0.051390
0.123753
0.083602
0.158079
0.011588
0.013501
0.031618
0.064333
0.052493
0.056841
0.137116
0.054330
0.097110
0.104296
0.015884
0.053323
0.376131
0.084962
0.011853
0.260334
0.079109
0.011253
0.038487
0.017003
0.467660
0.083973
0.017241
0.509982
0.097040
0.006891
0.006145
0.021657
0.793874
0.037401
0.226782
0.090385
0.012867
0.040828
0.135507
0.181472
0.228371
0.046337
0.039711
0.080601
1.273499
0.042765
0.045533
1.373636
0.181683
0.118935
0.008533
0.008315
0.024502
0.940126
0.034526
0.230530
0.134211
0.016439
0.038617
0.132374
0.169945
0.295116
0.044464
0.039000
1.444794
0.141264
0.092431
0.046340
0.040006
1.185085
0.137091
0.019417
0.084687
0.084636
0.017771
0.094249
0.087253
0.017757
0.224205
0.084585
0.018698
0.310909
0.259066
0.055578
0.012350
0.047402
0.016522
2.593495
0.005681
0.005346
0.181148
0.055066
0.233601
0.014443
0.011358
0.098857
0.017477
2.420469
0.006149
0.004650
0.219165
0.043003
0.263031
0.018447
0.008583
0.155296
0.022902
0.155354
0.027565
0.024468
0.030743
0.045836
0.236502
0.164907
0.012834
0.122992
0.173683
0.043166
0.483903
0.266050
0.023615
0.033116
0.007899
0.012407
0.231380
0.251578
0.044842
0.026071
0.082362
0.115181
0.118770
0.065710
0.105934
0.017462
0.096399
0.034575
0.031863
0.023068
0.077097
0.248565
0.147648
0.044562
0.094293
0.069786
0.009553
0.153541
0.187543
0.042370
0.506884
0.300917
0.039701
0.103278
0.141225
0.007525
0.008529
0.252664
0.326341
0.055712
0.027018
0.097425
0.006515
0.017488
0.079906
0.061619
0.031446
0.066050
0.087701
0.108892
0.006300
0.017391
0.108900
0.095177
0.042219
0.058056
0.128459
0.023355
0.299877
0.018188
0.017134
0.130129
0.009612
0.091183
0.191680
0.026709
0.011807
0.261583
0.019374
0.007245
0.244457
0.007933
0.150731
0.654436
0.021550
0.028465
0.029153
0.576177
0.096062
0.021249
0.201485
0.086579
0.017965
0.201969
0.183401
0.096941
0.017971
0.134450
0.015293
0.058572
0.009121
0.008878
0.017227
0.125590
0.126787
0.199136
0.183167
0.022707
0.243738
0.218414
0.088893
0.105289
0.007284
0.012177
0.022557
0.137422
0.112460
0.162570
0.023446
0.142089
0.105604
0.031063
0.146888
0.108378
0.022649
0.181260
2.072737
0.021572
0.419673
0.071427
0.076806
0.018379
0.045488
0.007648
0.026851
0.019361
1.716392
0.093379
0.138083
0.202527
0.077355
0.053580
0.015045
0.182200
0.012282
0.004965
0.287142
0.078992
0.020512
0.016830
0.032402
0.005033
0.015292
0.021337
0.090919
0.023610
0.046378
0.073561
0.067006
0.032415
0.057218
1.280235
0.046136
0.072606
0.007208
0.072496
0.066414
0.069600
0.079648
0.024595
0.125451
0.071893
0.094364
0.055155
0.108222
0.009363
0.063231
0.025837
0.014818
0.306247
0.054000
0.368998
1.699887
0.186155
0.051388
0.036756
0.024308
0.237082
0.024625
0.015597
0.057111
0.003354
0.041628
0.018122
0.015946
0.153918
0.015564
0.167748
0.012420
0.151173
0.012052
0.152926
0.016850
0.125531
0.016681
0.130861
0.011654
0.136061
0.012436
0.124970
0.018443
0.159572
0.016785
0.133326
0.017195
0.115232
0.016859
0.113684
0.009949
0.159417
0.010665
0.142765
0.012198
0.109647
0.017624
0.166477
0.014355
0.155389
0.012537
0.112369
0.013061
0.136849
0.017010
0.152493
0.012237
0.151103
0.017680
0.139977
0.013050
0.144800
0.031016
0.154197
0.017176
0.166825
0.018396
0.165693
0.033510
0.136493
0.084835
0.131784
0.155216
0.015530
0.059316
0.125492
0.014214
0.022010
0.126086
0.087096
0.101922
0.011191
0.067557
0.058640
0.121997
0.024485
0.043908
0.040581
0.026572
0.006411
0.062472
0.195292
0.054945
0.019246
0.011820
0.005442
0.348471
0.059521
0.056550
0.039138
0.007496
0.006361
0.016393
2.272282
0.018226
0.378007
0.098399
0.072260
0.012770
0.032637
0.007107
0.020329
0.018242
1.545015
0.105414
0.110346
0.252834
0.095750
0.041753
0.020477
0.181028
0.009827
0.004514
0.293656
0.292987
0.014341
0.006529
0.018409
0.032822
0.004244
0.012328
0.055258
0.022037
0.012629
0.042657
0.018340
0.016834
0.006201
0.062531
0.060366
0.046306
0.008055
0.088397
0.298644
0.035647
0.075460
0.025650
0.046459
0.071242
0.080706
0.030636
1.339688
0.060074
0.078621
0.062716
0.065229
0.003714
0.024009
0.118232
0.094002
0.144174
0.019843
0.088374
0.062358
0.184896
0.033348
0.032360
0.005976
0.005200
0.024257
0.039218
0.016417
0.015260
0.044657
0.020490
0.012875
0.124562
0.012811
0.141230
0.018875
0.160919
0.015886
0.124539
0.012253
0.136396
0.018135
0.156437
0.015017
0.162716
0.017167
0.155692
0.014760
0.130406
0.016963
0.116444
0.012005
0.160567
0.012089
0.148413
0.015685
0.119272
0.011494
0.155131
0.017598
0.161587
0.018348
0.123215
0.015407
0.144062
0.017291
0.152686
0.013146
0.140347
0.013838
0.168477
0.017569
0.123435
0.016668
0.110955
0.012878
0.162530
0.016860
0.137008
0.018265
0.177244
0.015952
0.105384
0.017979
0.080117
0.033220
0.181739
0.098323
0.012248
0.115793
0.120918
0.096582
0.060491
0.080297
0.087522
0.092974
0.025201
0.142383
0.087754
0.514417
0.077841
1.960794
0.441259
0.063922
0.035837
0.188669
0.035272
0.277432
0.049910
0.057796
0.145403
0.081607
0.019718
0.009927
0.109909
0.006699
0.021217
0.138926
0.020675
0.006372
0.111423
0.296935
0.049794
0.549945
0.026757
0.241186
0.049629
0.130655
0.105475
0.006880
0.020024
0.102118
0.016774
0.004860
0.111240
0.289000
0.071178
0.754229
0.022652
0.330954
0.057237
0.132744
0.093103
0.006362
0.017339
0.484215
0.298789
0.005538
0.006463
0.007340
0.480491
0.011298
0.021709
0.052826
0.013794
0.066103
0.091911
0.006748
0.017233
0.505916
0.433660
0.004490
0.005527
0.005463
0.245937
0.007270
0.012632
0.040576
0.011372
0.092732
0.006585
0.017560
0.613830
0.004572
0.004178
0.008413
0.007025
0.112718
0.008286
0.022258
0.713374
0.003873
0.005593
0.008435
0.009053
0.100348
0.006888
0.021748
1.067887
0.004279
0.005866
0.006243
0.006537
0.099314
0.006942
0.017029
1.012549
0.004907
0.005632
0.008711
0.007065
0.101007
0.017514
3.005936
0.020767
0.021334
0.016920
0.013371
0.115644
0.022628
3.004510
0.019906
0.023645
0.018086
0.013234
0.284439
0.015445
0.010738
0.012779
0.212952
0.016355
0.009255
0.011004
0.081302
0.264007
1.090934
0.044439
0.235150
0.247607
0.162651
0.048039
0.040710
0.175833
0.083215
0.062376
0.048454
0.297574
0.019560
0.030491
0.051111
1.434460
0.015447
0.007885
0.012086
0.032197
0.015333
0.053713
0.018676
0.017253
0.096674
1.214737
0.059201
0.095451
0.148597
0.080207
0.012245
0.009640
0.079648
0.037034
0.017744
0.023461
0.016548
0.027093
0.107938
0.015172
0.009760
0.043947
0.005094
0.032595
0.002608
0.096652
0.212297
0.152080
0.018620
0.170098
0.018251
0.075225
0.009763
0.012394
0.021446
0.077799
0.062145
0.018676
0.141779
0.053292
0.059130
0.254743
0.703184
0.120722
0.038294
0.016971
0.046581
0.092659
0.090676
0.027289
0.041012
0.008349
0.153441
0.204849
0.026148
0.102305
0.006496
0.008562
0.025057
0.104545
0.049757
0.016220
0.135067
0.043043
0.048099
0.095481
0.006953
0.017757
0.339542
0.019733
0.016106
0.092066
0.006735
0.019247
0.278327
0.027814
0.011567
0.177261
0.008856
0.008945
0.041329
1.057127
0.102475
0.176428
0.034199
0.090131
0.011914
0.010381
0.010235
0.087797
0.032525
0.106792
0.007076
0.005807
0.019242
0.790233
0.076366
0.151969
0.033167
0.093436
0.015975
0.016100
0.015203
0.142035
0.033027
0.094311
0.018485
1.211098
0.016256
0.090220
0.017690
1.175215
0.019067
0.088722
0.018288
0.313958
0.104691
0.022527
0.349491
0.290898
0.011461
0.045435
1.895164
0.219259
0.175189
0.032594
0.033154
0.142038
0.062213
0.062043
0.590795
0.050113
0.027939
0.084950
0.099638
0.042777
0.107637
0.018213
0.018908
0.059844
0.022338
0.010767
0.026189
0.006254
0.017815
0.004507
0.025078
1.520526
0.092897
0.056567
0.012817
0.060797
0.251315
0.021870
0.422550
0.011861
0.032192
0.038150
0.068735
0.006413
0.277732
0.012400
0.024807
2.125180
0.205644
0.140781
0.035572
0.036874
0.126833
0.038692
0.021319
0.062720
0.444784
0.050954
0.035114
0.007124
0.036069
1.638538
0.060203
0.028186
0.065770
0.010103
0.049786
0.051472
0.284362
0.082588
0.129216
0.028121
0.081778
0.060220
0.022422
0.008083
0.019481
0.005145
0.022019
0.129382
0.007241
0.006245
0.024683
0.220072
0.192179
0.025035
0.060732
0.162511
0.034110
0.018273
0.107483
0.055917
0.023711
0.055766
0.050022
0.142976
0.366072
0.105532
0.040565
0.049566
0.013450
0.026408
0.030390
0.208911
0.065026
0.109184
0.070991
0.096525
0.070648
0.071129
0.111084
0.108334
0.099949
0.091191
0.089040
0.127849
0.074986
0.153298
0.008942
0.009383
0.043942
0.199470
0.123365
0.005145
0.046529
0.110152
0.029275
0.013303
0.067935
0.039780
0.019905
0.055175
0.050084
0.238887
0.055312
0.108214
0.082763
0.078979
0.063950
0.066824
0.067035
0.066500
0.064169
0.074786
0.084664
0.095056
0.045762
0.029675
0.107916
0.012202
0.018056
0.030499
0.136059
0.399826
0.049062
0.296920
0.092569
0.006339
0.005438
0.016770
0.306049
0.006414
0.082536
0.123622
0.503683
0.010618
0.020757
0.133338
0.008074
0.007913
0.024938
0.362994
0.011076
0.127590
0.181974
0.515089
0.023813
0.010799
0.099005
0.017353
0.191932
0.221944
0.070446
0.054916
0.020579
0.028372
0.083972
0.016445
0.238130
0.208686
0.048722
0.079038
0.021587
0.019875
0.091777
0.017075
0.215184
0.015091
0.026405
0.303136
0.192292
0.017831
0.005273
0.078881
0.048157
0.047962
0.040380
0.078435
0.018046
0.010047
0.098724
0.017749
0.273531
0.021110
0.019653
0.084317
0.046696
0.063869
0.034690
0.167627
0.139835
0.012929
0.024411
0.005908
0.010152
0.267350
0.208703
0.034784
0.015482
0.071730
0.019605
0.024679
0.091511
0.088940
0.016671
33.311293
0.218968
65.292204
0.121264
0.198066
0.500289
0.142384
0.039859
0.075132
0.057070
0.028386
0.058475
0.041165
0.074320
0.181211
0.048208
0.059303
0.153404
0.156335
1.059423
0.044473
0.034984
0.189480
0.034353
0.024003
0.290149
0.084777
0.011752
0.373641
0.009315
0.125618
0.057237
0.011711
0.008833
0.008145
0.022399
0.214764
0.060970
0.015969
0.061287
0.027628
0.019668
0.094987
0.125437
0.015702
0.009118
0.007467
0.021748
0.006908
31.121945
0.218983
66.354874
0.077315
0.195986
0.541829
0.132242
0.048695
0.022251
0.421920
0.083605
0.053017
0.186024
0.020160
0.362798
0.089913
0.987065
0.040384
0.035988
0.054289
0.053459
0.007085
0.168803
0.074886
0.194496
0.030892
0.122441
0.027414
0.071431
0.037386
0.110318
0.047246
0.099248
0.017039
0.281773
0.019672
0.111293
0.022690
0.399270
0.019552
0.150308
0.023074
0.352178
0.140757
0.045496
0.042333
1.331396
0.770778
0.010035
0.073218
0.041179
0.052648
0.065932
0.124299
0.022844
0.325906
0.114368
0.047415
0.041048
1.356533
0.738128
0.092948
0.041364
0.038919
0.004724
0.063903
0.074653
0.190972
0.009330
0.008866
0.023245
0.112431
0.261505
0.132854
0.020426
0.020595
0.057149
0.338858
0.016148
0.065312
0.035727
6.375995
0.905536
0.182130
0.318733
0.230211
0.011795
0.006372
0.024539
0.106793
0.378869
0.085721
0.061649
0.116705
0.006731
0.005934
0.018315
0.134866
0.255313
0.193112
0.021697
0.026809
0.052307
0.310872
0.026394
0.069266
0.034962
0.006111
0.088329
0.317525
0.014698
0.094962
0.092462
6.882391
0.827078
0.192611
0.363664
0.189793
0.021222
0.127759
0.022744
0.418651
0.092654
0.022958
0.023802
0.014331
0.126016
0.128179
0.036415
0.022093
0.045913
0.102677
0.018907
0.241519
0.088072
0.024748
0.022742
0.014711
0.093695
0.086247
0.038555
0.020535
0.047137
0.091475
0.018184
0.351412
0.092962
0.017668
0.331286
0.107061
0.021408
0.926766
0.081913
0.012032
0.125733
0.146007
0.201551
0.157019
0.077483
0.108658
0.021721
0.933537
0.083473
0.013094
0.135720
0.196555
0.208373
0.202801
0.096051
0.330220
0.859730
0.112082
0.035205
0.014678
0.033638
0.117821
0.089031
0.027790
0.005622
0.120452
0.078585
0.027690
0.021799
0.358515
0.598826
0.096391
0.026494
0.020678
0.034885
0.107617
0.088965
0.033319
0.024160
0.008253
0.124840
0.107788
0.022567
0.098795
0.019924
0.079104
0.022086
0.029264
0.021494
0.133854
0.022402
0.102566
0.015901
0.032824
0.019248
0.074448
0.062055
0.019882
0.305976
0.072916
0.138016
0.012051
0.015262
0.088345
0.020730
0.053028
0.086854
0.016876
0.269222
0.055809
0.108972
0.017609
0.015426
0.134962
0.032364
0.042394
0.088328
0.006576
0.018396
0.067717
0.116176
0.008800
0.042007
0.064880
0.098786
0.006424
0.016733
0.116827
0.340573
0.041823
0.635323
1.380123
0.378764
0.124558
0.010855
0.004589
0.032154
0.059161
0.056346
0.115565
0.006774
0.021299
0.130816
0.423191
0.038539
0.589962
1.276672
0.441133
0.137803
0.043747
0.064309
0.059015
0.011462
0.004813
0.453944
0.009763
0.024463
0.042590
0.097996
0.012836
0.131896
0.009230
0.024061
0.133125
0.024396
0.004515
0.085547
0.248431
0.060000
0.657474
0.020653
0.230805
0.056557
0.123712
0.102568
0.008009
0.023730
0.111962
0.017385
0.005023
0.130023
0.314877
0.073833
0.656251
0.019960
0.306664
0.049858
0.132943
0.108428
0.006959
0.016912
0.094961
0.025081
0.006409
0.102269
0.308016
0.073519
0.630492
0.023532
0.256019
0.055383
0.091708
0.128067
0.009157
0.023763
0.147657
0.024461
0.006597
0.075950
0.274668
0.072769
0.587134
0.020361
0.220145
0.034927
0.121264
0.103237
0.006703
0.017406
0.101186
0.022818
0.005727
0.104946
0.216214
0.051666
0.605467
0.025832
0.219559
0.048253
0.151643
0.128064
0.009199
0.025132
0.132143
0.016951
0.005592
0.093250
0.292383
0.048870
0.665656
0.023510
0.244711
0.039842
0.124456
0.112206
0.007579
0.021292
0.099330
0.024890
0.006242
0.080864
0.310103
0.074498
0.618704
0.028392
0.365539
0.037209
0.125395
0.110701
0.006835
0.017396
0.121211
0.018395
0.006939
0.103884
0.268497
0.057677
0.654571
0.018970
0.298886
0.035905
0.112693
0.107432
0.007042
0.021998
0.108190
0.025978
0.006272
0.106303
0.237696
0.073285
0.694215
0.021417
0.271643
0.036409
0.091519
0.106476
0.006718
0.021748
0.143340
0.024543
0.006621
0.106883
0.272916
0.061515
0.598144
0.020391
0.283390
0.049766
0.110812
0.169794
0.029713
0.041768
0.075396
0.010697
0.126474
0.286102
0.102240
0.774142
0.066154
0.102157
0.022919
0.360897
0.351208
0.063301
0.016880
0.083200
0.028965
0.005027
0.167894
0.042312
0.010145
0.176119
0.009784
0.023608
0.076198
0.009384
0.102878
0.335127
0.129160
0.328326
0.279129
0.013256
0.069870
0.013661
0.076081
0.023620
0.006915
0.139700
0.031638
0.114721
0.021632
0.725214
0.076646
0.096750
0.007021
0.006031
0.022253
0.249745
0.095162
0.015400
0.027619
0.126735
0.093951
0.080029
0.066145
0.060215
0.078736
0.015863
0.013399
0.030327
0.097787
0.007016
0.005824
0.023332
0.206000
0.072077
0.013722
0.020936
0.137437
0.077889
0.104593
0.061691
0.048500
0.065158
0.034659
0.016274
0.013140
0.085128
0.017338
0.106829
0.052964
0.102826
0.020181
0.194736
0.093252
0.177391
0.010835
0.008361
0.020527
0.515719
0.020882
0.011585
0.123088
0.012703
0.012073
0.008914
0.023001
0.082377
0.025652
0.031246
0.009952
0.040317
0.054819
0.026657
0.021522
0.044230
0.079365
0.076011
0.082523
0.057307
0.045332
0.102002
0.072048
0.039052
0.086974
0.101765
0.056858
0.063640
0.061116
0.335254
0.014430
0.010391
0.028382
0.054969
0.107152
0.099472
0.012414
0.035167
0.021290
0.562861
0.216972
0.045546
0.574251
0.499465
0.474501
0.043845
0.242954
0.137013
0.038264
0.068207
0.259392
0.101636
0.044471
0.138085
0.090870
0.096156
0.019936
0.050066
0.022720
0.558111
0.035859
0.104846
0.052080
0.010702
1.111601
0.150361
0.059655
0.011060
0.161100
0.375546
0.067083
0.031276
0.100090
0.089951
0.046825
0.036687
0.066540
0.014543
0.014075
0.005814
0.015967
0.026364
0.016691
0.023706
0.030958
0.074584
0.087096
0.293630
0.583677
0.073909
0.032431
0.029268
0.063029
0.361594
0.019078
0.023607
0.029596
0.015154
0.155719
0.007762
0.006817
0.029465
0.447780
0.018999
0.007837
0.119056
0.011237
0.011273
0.008010
0.021677
0.090794
0.035280
0.038561
0.013226
0.042715
0.043546
0.029605
0.021587
0.037556
0.074165
0.107903
0.058164
0.080612
0.052167
0.089467
0.051181
0.039426
0.078241
0.105768
0.061062
0.029063
0.019226
0.026166
0.015959
0.019139
0.293624
0.026270
0.035543
0.448361
0.019492
0.073592
0.318326
0.017671
0.612604
0.147397
0.528973
0.425265
0.283390
0.072809
0.051982
0.166537
0.174986
0.088495
0.042812
0.019964
0.139878
0.098044
0.043007
0.581383
0.043549
0.052506
0.039047
0.010058
0.019826
0.068462
0.098502
0.593267
0.029886
0.059903
0.029211
0.070767
0.071741
0.051193
0.016216
0.039407
0.008914
0.011896
0.011106
0.015046
0.080836
0.066888
0.066212
0.032773
0.049101
0.114061
0.066507
0.014059
0.021599
0.049261
0.409792
0.034646
0.541468
0.026658
0.105077
0.138216
0.055047
0.007598
1.062508
0.123266
0.097648
0.010626
0.102609
0.007462
0.007859
0.007855
0.025322
0.245169
0.012232
0.005819
0.053937
0.065229
0.052477
0.017314
0.458706
0.149897
0.335429
0.573975
0.754890
1.220354
1.469127
0.285113
0.014355
0.570202
0.292517
0.115460
0.171041
0.043303
0.121267
0.007832
0.007403
0.010085
0.026813
0.270090
0.012715
0.006795
0.070702
0.101626
0.063083
0.012777
0.569092
0.180521
0.272842
0.520225
0.631461
1.339802
1.424387
0.241937
0.036706
0.161972
0.537196
0.095410
0.023379
0.371775
0.074556
0.109595
0.013092
0.028592
0.509392
0.066019
0.141274
0.024371
0.058079
1.374575
0.556588
0.012699
0.077937
0.018862
0.024004
0.023860
0.022466
0.009119
0.350927
0.032239
0.140057
0.047350
0.035456
2.436625
0.033280
0.016863
0.085560
0.009119
0.069510
0.397164
0.592024
0.124299
0.006698
0.021759
0.369952
0.059843
0.160553
0.025051
0.058841
0.538425
0.408552
0.006277
0.065679
0.017841
0.016310
0.022017
0.552028
0.022037
0.118529
1.359091
0.029038
0.008560
0.238098
0.052845
0.039429
2.419937
0.039372
0.026770
0.064319
0.015353
0.014904
0.104319
0.006544
0.022459
0.474970
0.018827
0.024720
0.019264
0.034534
0.117680
0.047173
0.101509
0.009196
0.022037
0.517113
0.014516
0.020830
0.020055
0.029723
0.120317
0.033255
0.416810
0.010653
0.028307
0.399497
1.212813
0.019848
0.045246
0.422754
0.266623
0.043773
0.125984
0.016209
0.027401
0.180207
0.040119
0.017334
0.042882
2.723518
0.315604
0.099214
0.020165
0.023860
0.051143
0.039664
0.105283
0.135726
0.005494
0.145586
0.432254
0.013780
0.028063
0.601770
1.181654
0.020106
0.059728
2.752002
0.301519
0.069239
0.015058
0.016702
0.014242
0.082382
0.031078
0.024676
0.037525
0.119835
0.004738
0.010630
0.025266
0.027378
0.096853
0.092680
0.315451
0.337328
0.045920
0.139506
0.092194
0.007059
0.017182
0.344813
0.217905
0.131713
0.107277
0.009027
0.022851
0.475928
0.291303
0.114533
0.102146
0.022243
0.399404
0.384337
0.113195
0.022180
0.526448
0.357263
0.136155
0.008901
0.007962
0.025064
0.940566
0.177226
0.077684
0.024962
1.529081
0.034791
0.209130
0.008949
0.110385
0.008378
0.007805
0.024190
0.865674
0.168900
0.099296
0.019307
1.433715
0.024883
0.194756
0.012410
0.145296
0.009334
0.009492
0.041758
0.293153
0.742556
0.169004
0.158725
0.065361
0.043415
0.049752
0.036397
0.018826
0.056128
1.460078
0.237626
0.283535
0.030723
0.044334
0.011390
0.073558
0.069631
0.051005
0.006394
0.065457
0.006918
0.018173
0.061603
0.047982
0.467281
0.019287
0.011548
0.043748
0.068029
0.027469
0.064301
0.043682
0.057439
0.680754
0.052521
0.107917
1.384960
0.123074
0.007441
0.005951
0.018292
0.164529
0.769496
0.203711
0.158167
0.060545
0.058226
0.044810
0.038912
0.026513
0.048613
1.339944
0.197943
0.040815
0.012615
0.054810
0.066866
0.053790
0.020339
0.027783
0.058966
0.067322
0.037000
0.108809
0.071084
1.380458
0.077427
0.044194
0.048323
0.641521
0.458350
0.013576
0.014962
0.279334
0.065108
0.006349
0.008977
0.069640
0.026436
0.100679
0.019685
0.309278
0.183644
0.016686
0.166435
0.026035
0.392757
0.151001
0.012051
0.132303
0.022681
0.091613
0.016115
0.114983
0.016650
0.006157
0.096314
0.163011
0.030689
0.013188
0.009915
0.019694
0.022028
0.588594
0.127759
0.663098
0.174879
0.004993
0.145452
0.004354
0.010598
0.190045
0.026717
0.129173
0.011440
0.107507
0.017893
0.008478
0.074591
0.132360
0.020713
0.012560
0.217839
0.013408
0.007121
0.208197
0.007617
0.178053
0.795047
0.020901
0.021558
0.024419
0.506381
0.158922
0.139847
0.011391
0.042683
0.127355
0.037585
0.020969
0.032268
0.010014
0.015415
0.049911
0.047648
0.023863
0.005761
0.075016
0.023314
0.036717
0.103155
0.006570
0.017449
0.085318
0.017121
0.015829
0.024572
0.010492
0.015079
0.045834
0.033586
0.023759
0.040520
0.076456
0.023425
0.003988
0.099756
0.006753
0.019777
0.440871
0.117427
0.701120
0.099689
0.006638
0.017867
0.444071
0.065622
0.639119
0.108423
0.018909
0.494314
0.015861
0.015575
0.521802
0.096950
0.048842
0.180486
0.128305
0.655740
0.011610
0.041606
0.006371
0.150621
0.031054
0.050521
0.146060
0.148517
0.047400
0.059856
0.221989
0.008925
0.011556
0.162734
0.084058
0.018847
0.043908
0.083955
0.091293
0.120018
0.049773
0.080444
0.177709
0.149838
0.037483
0.031302
0.055149
0.109230
0.018914
0.358347
0.023231
0.018735
0.343054
0.079087
0.150267
0.039091
0.091886
0.798734
0.015235
0.048738
0.165428
0.086731
0.018740
0.041249
0.085212
0.101777
0.113455
0.056752
0.091096
0.203677
0.081496
0.155989
0.055740
0.063244
0.007022
0.032389
0.021101
0.037651
0.154305
0.158638
0.060584
0.221223
0.020097
0.165219
0.007223
0.162581
0.030997
0.108981
0.079652
0.024467
0.091285
0.097501
0.006450
0.006890
0.022440
0.791930
0.010449
0.032861
0.112472
0.101670
0.006871
0.007197
0.020497
0.743950
0.012911
0.032880
0.076957
0.087737
0.008985
0.017691
0.141355
0.102970
0.035651
1.453623
0.042618
0.005909
0.019489
0.037768
0.174290
0.157476
0.083252
0.006889
0.017025
0.165591
0.082987
0.030350
1.630373
0.058387
0.028689
0.007171
0.044116
0.178169
0.186359
0.085893
0.016648
0.211705
0.018511
0.104828
0.023015
0.322927
0.019224
0.128742
0.022153
0.160785
0.221456
0.023093
0.105913
0.017144
0.098567
0.178462
0.025328
0.149746
0.418756
0.009800
0.023575
0.015193
0.056215
0.057883
0.116715
0.014425
0.167896
0.024445
0.012518
0.051783
0.008715
0.005935
0.023543
0.316428
0.077744
0.135034
0.009372
0.006833
0.020849
0.315307
0.067007
0.158878
0.008816
0.026287
0.170432
0.018072
0.018329
0.171943
0.160131
0.244075
0.145432
0.033987
0.113978
0.006462
0.022376
0.108232
0.024304
0.021675
0.205362
0.120565
0.171792
0.080189
0.021719
0.109709
0.023979
0.257603
0.105616
0.023097
0.250390
0.089798
0.017646
0.114911
0.014184
0.082510
0.030323
0.088756
0.017318
0.126641
0.014786
0.070856
0.030262
0.082832
0.017244
0.130825
0.038381
0.149898
0.014918
0.084182
0.025318
0.131845
0.023524
0.148059
0.025710
2.022732
0.025705
0.467668
0.069444
0.104635
0.020795
0.047363
0.010678
0.029504
0.026354
1.457423
0.099573
0.155981
0.207210
0.078549
0.043473
0.019949
0.195377
0.008445
0.004392
0.270271
0.056305
0.015547
0.017094
0.035490
0.005228
0.017233
0.029197
0.077953
0.034505
0.045543
0.083742
0.081341
0.031511
0.066310
1.005045
0.044836
0.105479
0.008738
0.077440
0.079231
0.088299
0.064166
0.025554
0.171867
0.102187
0.059407
0.081770
0.134045
0.010006
0.075585
0.027746
0.015685
0.416427
0.084431
0.504004
2.212361
0.210311
0.062340
0.055561
0.035714
0.216850
0.025867
0.014544
0.072646
0.003864
0.058654
0.022204
0.014752
0.159243
0.011817
0.119009
0.015861
0.149806
0.012099
0.111806
0.017403
0.143816
0.015866
0.125680
0.012180
0.154591
0.011674
0.164009
0.017402
0.146613
0.012179
0.148386
0.015175
0.145079
0.015432
0.159902
0.011417
0.138936
0.015018
0.138368
0.017775
0.106688
0.030139
0.139915
0.018822
0.154990
0.014896
0.152425
0.012573
0.110848
0.010992
0.116606
0.013750
0.127712
0.016049
0.122321
0.018133
0.107083
0.011322
0.114552
0.015700
0.103301
0.010883
0.155621
0.020971
0.121244
0.079735
0.112747
0.091368
0.016299
0.093426
0.158587
0.016615
0.020875
0.112889
0.093771
0.113101
0.016230
0.071384
0.059853
0.144833
0.025867
0.030149
0.037703
0.027719
0.005742
0.067586
0.232407
0.055955
0.016059
0.015125
0.006557
0.283090
0.082914
0.038466
0.054131
0.010167
0.006796
0.024954
0.139810
0.009125
0.040776
0.860479
0.143241
0.087996
0.156354
0.062419
1.395690
0.037703
0.040117
0.006910
0.012770
0.115829
0.008598
0.022150
0.765195
0.143172
0.130237
0.143449
0.069897
1.507827
0.050156
0.036007
0.006693
0.013433
0.128836
0.023751
0.341958
0.024196
0.048701
0.189863
0.040118
0.061459
0.166902
0.025563
0.024169
0.073313
0.062030
0.024239
0.025717
0.016923
0.089111
0.010921
0.037609
0.007244
0.130049
0.104784
0.017810
0.294378
0.020788
0.044757
0.169571
0.021159
0.054471
0.236862
0.062383
0.021577
0.054731
0.065489
0.023127
0.114358
0.032297
0.007495
0.113322
0.013626
0.010387
0.018343
0.085519
0.018102
0.156160
0.088088
0.018362
0.175779
0.085422
0.017939
0.480012
0.009029
0.105955
0.038821
0.772136
0.012551
0.071647
0.035409
0.217769
0.059892
0.036889
0.067030
0.037797
0.130336
0.047517
0.091512
0.129938
0.049528
0.068269
0.023973
0.082621
0.022995
0.016652
0.062651
0.094798
0.051474
0.047724
0.095479
0.102478
0.271019
0.106855
0.122296
0.848303
0.010670
0.062641
0.008318
0.004889
0.088901
0.292260
0.261659
0.062808
0.481080
0.093761
0.008763
0.065678
0.008601
0.004286
0.085919
0.209858
0.140687
0.074396
0.073107
0.032384
0.117543
0.035794
0.003923
0.044386
0.044149
0.009347
0.007869
0.007539
0.008389
0.007809
0.011963
0.010571
0.008929
0.012433
0.196425
0.109874
0.039264
0.073323
0.025449
0.036383
0.024342
0.063515
0.033246
0.053850
0.035540
0.022652
0.029586
0.030848
0.042543
0.036662
0.163802
0.129321
0.082618
0.010141
0.150503
0.015833
0.044627
0.025395
0.005021
0.391667
0.111981
0.131186
0.153705
0.009366
0.053204
0.013732
0.025633
0.098656
0.061228
0.032161
0.052560
0.014608
0.059197
0.070470
0.134538
0.007782
0.112777
0.038186
0.094573
0.036305
0.005987
0.065647
0.207924
0.050681
0.037658
0.120339
0.008465
0.080179
0.046228
0.010194
0.011421
0.014564
0.097362
0.193291
0.084454
0.106910
0.010909
0.101077
0.092740
0.066574
0.058649
0.140025
0.160722
0.060452
0.054941
0.050993
0.081661
0.008324
0.059646
0.106389
0.090656
0.179799
0.151025
0.108484
0.049108
0.947160
0.085096
0.022328
0.051413
0.120147
0.014138
0.036000
0.023582
0.011480
0.011010
0.014392
0.007978
0.056097
0.027375
0.178671
0.086732
0.017361
0.243910
0.122816
0.112549
0.124123
0.232284
0.090185
0.023562
0.043487
0.177252
0.054410
0.237652
0.146593
0.089208
0.088775
0.281857
0.068741
0.304990
0.050569
0.234684
0.041544
0.199728
0.073609
1.219209
0.035200
0.034979
0.015754
0.054355
0.107668
0.099241
0.091655
0.009181
0.284169
0.039484
0.056026
0.129374
0.038857
0.068376
0.014604
0.169352
1.912695
0.073215
0.103393
0.086915
0.036505
0.580505
0.261984
0.101161
0.036910
0.024462
0.404091
0.027157
0.034057
4.559137
0.155246
0.287928
0.246048
0.080426
0.112337
0.050741
0.182550
0.127923
0.048569
0.401045
0.014654
0.029677
0.098524
0.009868
0.013900
0.045151
0.037254
0.080636
0.044585
0.014346
0.122017
0.113402
0.055175
0.064843
0.531874
0.032052
0.044546
0.008640
0.316230
0.114556
0.062774
0.056778
0.008794
0.047401
0.037581
0.015433
0.038187
0.005013
0.004314
0.038532
0.071094
0.077097
0.112842
0.041571
0.043003
0.126644
0.072357
0.143925
0.032379
0.010193
0.219144
0.012030
0.007561
0.106607
0.065663
0.083177
0.175127
0.095540
0.177602
0.051767
0.413787
0.028945
0.018969
0.024859
0.045716
0.019120
0.012228
0.110455
0.006422
0.012766
0.059442
0.055052
0.088341
0.107135
4.405431
0.036094
0.025791
0.032521
0.092543
0.008801
0.072966
0.007704
0.056924
0.099620
0.181366
0.170579
0.178434
0.165775
0.100214
0.111277
0.054076
0.014188
0.017203
0.213849
0.129392
0.057218
0.085466
0.106910
0.121213
0.055700
0.013726
0.231332
0.011718
0.060804
0.061622
0.018152
0.058566
0.159207
0.114932
0.092245
0.026544
0.083450
0.082462
0.014282
0.431783
0.013668
0.062777
0.065521
0.076033
1.561847
0.024659
0.039611
0.021095
0.098145
0.217358
0.095137
0.097515
0.174883
0.140955
0.226061
0.052904
0.159820
0.567388
0.013288
0.077495
0.050739
0.054965
0.014708
0.101350
1.577603
0.077467
0.010995
1.006344
0.025427
0.124024
0.499531
0.142940
0.132003
0.097387
0.087181
0.594452
0.029439
0.367496
0.626217
0.100716
0.022198
0.906058
0.023595
0.081979
0.146009
0.034994
0.021740
0.015160
0.035886
0.012977
0.701031
0.009707
0.014361
0.012853
0.255912
0.416511
0.062248
0.006661
0.044053
0.050916
0.314477
0.219894
0.088930
0.143203
0.059299
0.073833
0.014168
0.062661
0.780744
0.044298
0.025714
0.010476
0.061632
0.083219
0.030799
0.292373
0.036722
0.031620
0.030312
0.076655
0.022591
0.008611
0.123837
0.074645
0.048518
0.012593
0.143299
0.077478
0.142237
0.141228
1.409787
0.723017
0.542942
0.300593
0.015950
0.878717
12.978122
0.024850
0.025647
0.143080
0.008030
0.020117
0.054675
3.393476
0.135106
4.206742
0.088451
0.027485
0.053389
0.407608
0.222424
0.289655
0.035439
0.022486
0.034336
1.072356
0.010292
0.163361
0.083198
0.044931
0.134642
0.684073
0.108517
0.335821
0.062700
0.108969
0.517029
0.070715
0.073125
12.808873
0.035767
0.002904
0.132499
0.108059
0.069720
1.253566
0.063028
0.070524
0.074808
0.015219
0.018698
0.041216
0.023242
0.061402
0.106604
0.442707
0.016065
0.195463
0.041024
0.010418
0.405709
0.012649
0.006781
0.008994
0.017249
0.015227
0.019149
0.011644
0.011518
0.023237
0.009151
0.006719
0.008242
0.030285
0.013155
0.039693
0.014972
0.019071
0.016311
0.010708
0.011293
0.006554
0.109702
0.609144
0.021505
0.007919
0.329438
0.064576
0.051512
0.006957
0.057989
0.008527
0.013355
0.020568
0.056133
0.022789
0.249496
0.011688
0.011827
0.048762
0.016973
0.008378
0.010576
0.013024
0.251994
0.017969
0.348047
0.012880
0.007197
0.041988
0.090201
0.121009
0.031475
0.041484
0.101139
0.040235
0.167016
0.015614
0.081339
0.073238
0.026385
0.015395
0.065916
0.080881
0.214854
0.947344
0.228965
0.110884
0.045690
0.151092
0.179586
0.467960
0.015398
0.182899
0.230629
0.501227
0.249867
0.049322
0.479851
0.257990
0.243976
0.037255
2.049893
0.028162
0.045052
0.801459
0.041418
0.043764
0.096826
0.050347
0.019760
1.275189
0.842776
0.055212
0.038062
0.089504
1.232563
0.387232
0.042629
0.090629
0.332585
0.240383
0.118510
0.091517
0.067919
0.024466
0.726539
0.031583
1.087920
0.367714
0.039971
0.698629
0.112101
0.010441
2.977306
0.269585
0.556903
0.528802
0.146439
0.107324
0.097656
0.679987
0.014654
0.197083
1.800899
0.040649
0.040870
4.511078
0.029842
0.030849
0.079185
0.395120
0.172275
0.025718
0.147148
0.140231
0.050973
0.124535
0.295659
0.048139
0.158855
0.119563
0.447893
0.029969
0.089653
0.437905
0.401462
0.134525
0.050227
0.059096
0.062704
1.837547
0.892458
0.276619
0.066274
0.063761
0.073991
0.161683
0.163194
0.360281
0.053850
0.105362
0.513524
0.068457
0.332117
0.462487
0.525335
0.168492
1.573295
0.380969
0.161918
0.201094
0.115857
0.091785
0.021610
0.365702
0.121683
0.012652
0.095403
0.260221
0.690791
0.265920
0.133773
0.090554
0.190809
1.454734
0.558215
0.129531
0.240479
0.220300
0.062978
0.790797
0.182634
0.405019
0.026979
0.233109
0.032479
0.515762
0.210883
0.313677
1.878842
0.726305
0.010288
0.163053
0.192984
0.119245
0.010794
0.023649
0.007664
0.012405
0.010102
0.228372
0.028339
0.031959
0.041492
0.319639
0.313535
0.025557
0.608884
0.284948
1.249724
0.052023
0.359689
0.148817
0.644969
0.191592
0.045231
0.360606
0.109578
2.243832
0.283266
0.261902
0.008641
0.064745
0.137163
0.123512
0.061219
0.153846
0.103620
0.056830
0.022375
0.124067
0.109048
0.022544
0.049298
0.041052
0.033443
0.483368
0.164344
0.068273
0.076789
0.037458
0.024550
0.051905
0.007239
0.003818
0.006282
0.006118
0.005178
0.005301
0.004832
0.018278
0.005216
0.005706
0.061043
0.009937
0.010903
0.013207
0.011199
0.007009
0.007092
0.007615
0.006904
0.007122
0.006867
0.005909
0.006276
0.005654
0.010728
0.005799
0.007670
0.114673
0.061174
0.074579
0.054621
0.141878
0.074608
0.162340
0.079673
0.043261
0.061895
0.010998
0.011277
0.081398
3.294785
0.085587
0.011626
0.707978
0.025383
0.122791
0.038580
0.074292
0.013444
0.011427
0.037154
0.035693
0.086260
0.015603
0.012612
0.126788
0.014390
0.020986
0.625519
0.025160
7.286526
0.013600
0.104310
0.019681
0.065147
0.034409
0.019320
0.037313
0.016641
0.127752
0.016635
0.012401
0.090174
0.017793
0.030274
0.610383
0.023270
7.214962
0.012278
0.049651
0.062919
0.179336
0.194007
0.039704
0.002439
0.048572
0.007815
0.007003
0.005894
0.026035
0.013990
0.012461
0.007532
0.005193
0.055148
0.016817
0.120903
0.128281
0.262458
0.053839
1.252403
0.355494
0.101995
0.078231
0.054020
1.224222
0.380674
0.417404
0.015490
0.075176
0.017674
0.009838
0.012912
0.022057
0.017009
0.189758
0.017483
0.036359
0.234051
0.201094
0.468947
0.059037
0.084953
0.045635
0.007293
0.034283
0.017885
0.026993
0.044441
0.081194
0.040743
0.011343
0.393841
0.990577
0.196070
0.306887
0.117582
0.118922
0.266365
0.040552
0.018548
0.047826
0.063355
0.301741
0.629602
0.069547
0.789427
0.015153
0.012065
0.065698
0.177806
0.325774
0.107583
0.016561
0.072140
0.307591
0.052546
0.122899
0.922884
0.047950
0.079499
0.043864
0.019333
0.861511
0.107728
0.081665
0.045738
0.083381
0.032931
0.071925
0.095948
0.033237
0.102649
0.034800
0.153502
0.062504
0.070749
0.110029
0.074786
0.080388
0.029765
0.029206
0.070226
0.276411
0.011512
0.009271
0.016702
0.032726
0.013215
0.013360
0.136936
0.079566
0.123262
0.094977
0.072975
0.064730
0.021948
0.081930
0.091822
0.067532
0.022280
0.023840
0.027752
0.130115
0.035740
0.065594
0.089876
0.068286
0.175347
0.046211
0.044249
0.063213
0.098229
0.194325
0.046277
0.030396
0.065953
0.204805
0.027261
0.036330
0.192246
0.027388
0.025959
0.073846
0.010158
0.055568
0.006582
0.022450
0.130951
0.033624
0.058494
